Date/Time	counts (1 sec)	cps	cpm	µR/h	mR/h	µSv/h	Averaging Time (sec)
2022/08/23 16:26:14	1	1	60	17.9640718562874	0.0179640718562874	0.179640718562874	1
2022/08/23 16:26:15	1	1	60	17.9640718562874	0.0179640718562874	0.179640718562874	1
2022/08/23 16:26:16	0	0	0	0	0	0	1
2022/08/23 16:26:17	0	0	0	0	0	0	1
2022/08/23 16:26:18	0	0	0	0	0	0	1
2022/08/23 16:26:19	1	1	60	17.9640718562874	0.0179640718562874	0.179640718562874	1
2022/08/23 16:26:20	1	1	60	17.9640718562874	0.0179640718562874	0.179640718562874	1
2022/08/23 16:26:21	0	0	0	0	0	0	1
2022/08/23 16:26:22	0	0	0	0	0	0	1
2022/08/23 16:26:23	0	0	0	0	0	0	1
2022/08/23 16:26:24	0	0	0	0	0	0	1
2022/08/23 16:26:25	1	1	60	17.9640718562874	0.0179640718562874	0.179640718562874	1
2022/08/23 16:26:26	0	0	0	0	0	0	1
2022/08/23 16:26:27	2	2	120	35.9281437125749	0.0359281437125748	0.359281437125749	1
2022/08/23 16:26:28	2	2	120	35.9281437125749	0.0359281437125748	0.359281437125749	1
2022/08/23 16:26:29	2	2	120	35.9281437125749	0.0359281437125748	0.359281437125749	1
2022/08/23 16:26:30	0	0	0	0	0	0	1
2022/08/23 16:26:31	1	1	60	17.9640718562874	0.0179640718562874	0.179640718562874	1
2022/08/23 16:26:32	1	1	60	17.9640718562874	0.0179640718562874	0.179640718562874	1
2022/08/23 16:26:33	0	0	0	0	0	0	1
2022/08/23 16:26:34	1	1	60	17.9640718562874	0.0179640718562874	0.179640718562874	1
2022/08/23 16:26:35	1	1	60	17.9640718562874	0.0179640718562874	0.179640718562874	1
2022/08/23 16:26:36	3	3	180	53.8922155688623	0.0538922155688623	0.538922155688623	1
2022/08/23 16:26:37	0	0	0	0	0	0	1
2022/08/23 16:26:38	1	1	60	17.9640718562874	0.0179640718562874	0.179640718562874	1
2022/08/23 16:26:39	0	0	0	0	0	0	1
2022/08/23 16:26:40	0	0	0	0	0	0	1
2022/08/23 16:26:41	2	2	120	35.9281437125749	0.0359281437125748	0.359281437125749	1
2022/08/23 16:26:42	0	0	0	0	0	0	1
2022/08/23 16:26:43	2	2	120	35.9281437125749	0.0359281437125748	0.359281437125749	1
2022/08/23 16:26:44	1	1	60	17.9640718562874	0.0179640718562874	0.179640718562874	1
2022/08/23 16:26:45	1	1	60	17.9640718562874	0.0179640718562874	0.179640718562874	1
2022/08/23 16:26:46	0	0	0	0	0	0	1
2022/08/23 16:26:47	0	0	0	0	0	0	1
2022/08/23 16:26:48	0	0	0	0	0	0	1
2022/08/23 16:26:49	0	0	0	0	0	0	1
2022/08/23 16:26:50	0	0	0	0	0	0	1
2022/08/23 16:26:51	1	1	60	17.9640718562874	0.0179640718562874	0.179640718562874	1
2022/08/23 16:26:52	1	1	60	17.9640718562874	0.0179640718562874	0.179640718562874	1
2022/08/23 16:26:53	0	0	0	0	0	0	1
2022/08/23 16:26:54	0	0	0	0	0	0	1
2022/08/23 16:26:55	1	1	60	17.9640718562874	0.0179640718562874	0.179640718562874	1
2022/08/23 16:26:56	2	2	120	35.9281437125749	0.0359281437125748	0.359281437125749	1
2022/08/23 16:26:57	0	0	0	0	0	0	1
2022/08/23 16:26:58	1	1	60	17.9640718562874	0.0179640718562874	0.179640718562874	1
2022/08/23 16:26:59	2	2	120	35.9281437125749	0.0359281437125748	0.359281437125749	1
2022/08/23 16:27:00	0	0	0	0	0	0	1
2022/08/23 16:27:01	1	1	60	17.9640718562874	0.0179640718562874	0.179640718562874	1
2022/08/23 16:27:02	626	626	37560	11245.5089820359	11.2455089820359	112.455089820359	1
2022/08/23 16:27:03	0	0	0	0	0	0	1
2022/08/23 16:27:04	0	0	0	0	0	0	1
2022/08/23 16:27:05	0	0	0	0	0	0	1
2022/08/23 16:27:06	4	4	240	71.8562874251497	0.0718562874251497	0.718562874251497	1
2022/08/23 16:27:07	0	0	0	0	0	0	1
2022/08/23 16:27:08	1	1	60	17.9640718562874	0.0179640718562874	0.179640718562874	1
2022/08/23 16:27:09	0	0	0	0	0	0	1
2022/08/23 16:27:10	3	3	180	53.8922155688623	0.0538922155688623	0.538922155688623	1
2022/08/23 16:27:11	0	0	0	0	0	0	1
2022/08/23 16:27:12	1	1	60	17.9640718562874	0.0179640718562874	0.179640718562874	1
2022/08/23 16:27:13	1	1	60	17.9640718562874	0.0179640718562874	0.179640718562874	1
2022/08/23 16:27:14	1	1	60	17.9640718562874	0.0179640718562874	0.179640718562874	1
2022/08/23 16:27:15	0	0	0	0	0	0	1
2022/08/23 16:27:16	0	0	0	0	0	0	1
2022/08/23 16:27:17	2	2	120	35.9281437125749	0.0359281437125748	0.359281437125749	1
2022/08/23 16:27:18	0	0	0	0	0	0	1
2022/08/23 16:27:19	0	0	0	0	0	0	1
2022/08/23 16:27:20	0	0	0	0	0	0	1
2022/08/23 16:27:21	0	0	0	0	0	0	1
2022/08/23 16:27:22	4	4	240	71.8562874251497	0.0718562874251497	0.718562874251497	1
2022/08/23 16:27:23	0	0	0	0	0	0	1
2022/08/23 16:27:24	1	1	60	17.9640718562874	0.0179640718562874	0.179640718562874	1
2022/08/23 16:27:25	0	0	0	0	0	0	1
2022/08/23 16:27:26	1	1	60	17.9640718562874	0.0179640718562874	0.179640718562874	1
2022/08/23 16:27:27	0	0	0	0	0	0	1
2022/08/23 16:27:28	0	0	0	0	0	0	1
2022/08/23 16:27:29	0	0	0	0	0	0	1
2022/08/23 16:27:30	0	0	0	0	0	0	1
2022/08/23 16:27:31	1	1	60	17.9640718562874	0.0179640718562874	0.179640718562874	1
2022/08/23 16:27:32	0	0	0	0	0	0	1
2022/08/23 16:27:33	0	0	0	0	0	0	1
2022/08/23 16:27:34	0	0	0	0	0	0	1
2022/08/23 16:27:35	1	1	60	17.9640718562874	0.0179640718562874	0.179640718562874	1
2022/08/23 16:27:36	0	0	0	0	0	0	1
2022/08/23 16:27:37	1	1	60	17.9640718562874	0.0179640718562874	0.179640718562874	1
2022/08/23 16:27:38	0	0	0	0	0	0	1
2022/08/23 16:27:39	1	1	60	17.9640718562874	0.0179640718562874	0.179640718562874	1
2022/08/23 16:27:40	0	0	0	0	0	0	1
2022/08/23 16:27:41	0	0	0	0	0	0	1
2022/08/23 16:27:42	0	0	0	0	0	0	1
2022/08/23 16:27:43	4	4	240	71.8562874251497	0.0718562874251497	0.718562874251497	1
2022/08/23 16:27:44	2	2	120	35.9281437125749	0.0359281437125748	0.359281437125749	1
2022/08/23 16:27:45	2	2	120	35.9281437125749	0.0359281437125748	0.359281437125749	1
2022/08/23 16:27:46	0	0	0	0	0	0	1
2022/08/23 16:27:47	0	0	0	0	0	0	1
2022/08/23 16:27:48	1	1	60	17.9640718562874	0.0179640718562874	0.179640718562874	1
2022/08/23 16:27:49	1	1	60	17.9640718562874	0.0179640718562874	0.179640718562874	1
2022/08/23 16:27:50	1	1	60	17.9640718562874	0.0179640718562874	0.179640718562874	1
2022/08/23 16:27:51	0	0	0	0	0	0	1
2022/08/23 16:27:52	2	2	120	35.9281437125749	0.0359281437125748	0.359281437125749	1
2022/08/23 16:27:53	0	0	0	0	0	0	1
2022/08/23 16:27:54	0	0	0	0	0	0	1
2022/08/23 16:27:55	0	0	0	0	0	0	1
2022/08/23 16:27:56	0	0	0	0	0	0	1
2022/08/23 16:27:57	1	1	60	17.9640718562874	0.0179640718562874	0.179640718562874	1
2022/08/23 16:27:58	0	0	0	0	0	0	1
2022/08/23 16:27:59	2	2	120	35.9281437125749	0.0359281437125748	0.359281437125749	1
2022/08/23 16:28:00	0	0	0	0	0	0	1
2022/08/23 16:28:01	0	0	0	0	0	0	1
2022/08/23 16:28:02	1	1	60	17.9640718562874	0.0179640718562874	0.179640718562874	1
