Date/Time	counts (1 sec)	cps	cpm	µR/h	mR/h	µSv/h	Averaging Time (sec)
2022/08/12 14:04:32	1	1	60	17.9640718562874	0.0179640718562874	0.179640718562874	1
2022/08/12 14:04:33	1	1	60	17.9640718562874	0.0179640718562874	0.179640718562874	1
2022/08/12 14:04:34	0	0	0	0	0	0	1
2022/08/12 14:04:35	1	1	60	17.9640718562874	0.0179640718562874	0.179640718562874	1
2022/08/12 14:04:36	1	1	60	17.9640718562874	0.0179640718562874	0.179640718562874	1
2022/08/12 14:04:37	1	1	60	17.9640718562874	0.0179640718562874	0.179640718562874	1
2022/08/12 14:04:38	1	1	60	17.9640718562874	0.0179640718562874	0.179640718562874	1
2022/08/12 14:04:39	1	1	60	17.9640718562874	0.0179640718562874	0.179640718562874	1
2022/08/12 14:04:40	1	1	60	17.9640718562874	0.0179640718562874	0.179640718562874	1
2022/08/12 14:04:41	0	0	0	0	0	0	1
2022/08/12 14:04:42	0	0	0	0	0	0	1
2022/08/12 14:04:43	2	2	120	35.9281437125749	0.0359281437125748	0.359281437125749	1
2022/08/12 14:04:44	0	0	0	0	0	0	1
2022/08/12 14:04:45	0	0	0	0	0	0	1
2022/08/12 14:04:46	2	2	120	35.9281437125749	0.0359281437125748	0.359281437125749	1
2022/08/12 14:04:47	2	2	120	35.9281437125749	0.0359281437125748	0.359281437125749	1
2022/08/12 14:04:48	0	0	0	0	0	0	1
2022/08/12 14:04:49	2	2	120	35.9281437125749	0.0359281437125748	0.359281437125749	1
2022/08/12 14:04:50	1	1	60	17.9640718562874	0.0179640718562874	0.179640718562874	1
2022/08/12 14:04:51	1	1	60	17.9640718562874	0.0179640718562874	0.179640718562874	1
2022/08/12 14:04:52	0	0	0	0	0	0	1
2022/08/12 14:04:53	1	1	60	17.9640718562874	0.0179640718562874	0.179640718562874	1
2022/08/12 14:04:54	0	0	0	0	0	0	1
2022/08/12 14:04:55	1	1	60	17.9640718562874	0.0179640718562874	0.179640718562874	1
2022/08/12 14:04:56	1	1	60	17.9640718562874	0.0179640718562874	0.179640718562874	1
2022/08/12 14:04:57	0	0	0	0	0	0	1
2022/08/12 14:04:58	0	0	0	0	0	0	1
2022/08/12 14:04:59	1	1	60	17.9640718562874	0.0179640718562874	0.179640718562874	1
2022/08/12 14:05:00	1	1	60	17.9640718562874	0.0179640718562874	0.179640718562874	1
2022/08/12 14:05:01	0	0	0	0	0	0	1
2022/08/12 14:05:02	1	1	60	17.9640718562874	0.0179640718562874	0.179640718562874	1
2022/08/12 14:05:03	2	2	120	35.9281437125749	0.0359281437125748	0.359281437125749	1
2022/08/12 14:05:04	0	0	0	0	0	0	1
2022/08/12 14:05:05	1	1	60	17.9640718562874	0.0179640718562874	0.179640718562874	1
2022/08/12 14:05:06	0	0	0	0	0	0	1
2022/08/12 14:05:07	1	1	60	17.9640718562874	0.0179640718562874	0.179640718562874	1
2022/08/12 14:05:08	2	2	120	35.9281437125749	0.0359281437125748	0.359281437125749	1
2022/08/12 14:05:09	0	0	0	0	0	0	1
2022/08/12 14:05:10	0	0	0	0	0	0	1
2022/08/12 14:05:11	1	1	60	17.9640718562874	0.0179640718562874	0.179640718562874	1
2022/08/12 14:05:12	0	0	0	0	0	0	1
2022/08/12 14:05:13	0	0	0	0	0	0	1
2022/08/12 14:05:14	0	0	0	0	0	0	1
2022/08/12 14:05:15	0	0	0	0	0	0	1
2022/08/12 14:05:16	1	1	60	17.9640718562874	0.0179640718562874	0.179640718562874	1
2022/08/12 14:05:17	3924	3924	235440	70491.0179640719	70.4910179640719	704.910179640719	1
2022/08/12 14:05:18	21473	21473	1288380	385742.51497006	385.74251497006	3857.4251497006	1
2022/08/12 14:05:19	21473	21473	1288380	385742.51497006	385.74251497006	3857.4251497006	1
2022/08/12 14:05:20	21473	21473	1288380	385742.51497006	385.74251497006	3857.4251497006	1
2022/08/12 14:05:21	21473	21473	1288380	385742.51497006	385.74251497006	3857.4251497006	1
2022/08/12 14:05:22	5644	5644	338640	101389.221556886	101.389221556886	1013.89221556886	1
2022/08/12 14:05:23	0	0	0	0	0	0	1
2022/08/12 14:05:24	1	1	60	17.9640718562874	0.0179640718562874	0.179640718562874	1
2022/08/12 14:05:25	1	1	60	17.9640718562874	0.0179640718562874	0.179640718562874	1
2022/08/12 14:05:26	1	1	60	17.9640718562874	0.0179640718562874	0.179640718562874	1
2022/08/12 14:05:27	0	0	0	0	0	0	1
2022/08/12 14:05:28	1	1	60	17.9640718562874	0.0179640718562874	0.179640718562874	1
2022/08/12 14:05:29	0	0	0	0	0	0	1
2022/08/12 14:05:30	0	0	0	0	0	0	1
2022/08/12 14:05:31	0	0	0	0	0	0	1
2022/08/12 14:05:32	1	1	60	17.9640718562874	0.0179640718562874	0.179640718562874	1
2022/08/12 14:05:33	2	2	120	35.9281437125749	0.0359281437125748	0.359281437125749	1
2022/08/12 14:05:34	0	0	0	0	0	0	1
2022/08/12 14:05:35	1	1	60	17.9640718562874	0.0179640718562874	0.179640718562874	1
2022/08/12 14:05:36	0	0	0	0	0	0	1
2022/08/12 14:05:37	0	0	0	0	0	0	1
2022/08/12 14:05:38	1	1	60	17.9640718562874	0.0179640718562874	0.179640718562874	1
2022/08/12 14:05:39	0	0	0	0	0	0	1
2022/08/12 14:05:40	0	0	0	0	0	0	1
2022/08/12 14:05:41	0	0	0	0	0	0	1
2022/08/12 14:05:42	0	0	0	0	0	0	1
2022/08/12 14:05:43	0	0	0	0	0	0	1
2022/08/12 14:05:44	1	1	60	17.9640718562874	0.0179640718562874	0.179640718562874	1
2022/08/12 14:05:45	0	0	0	0	0	0	1
2022/08/12 14:05:46	0	0	0	0	0	0	1
2022/08/12 14:05:47	2	2	120	35.9281437125749	0.0359281437125748	0.359281437125749	1
2022/08/12 14:05:48	1	1	60	17.9640718562874	0.0179640718562874	0.179640718562874	1
2022/08/12 14:05:49	0	0	0	0	0	0	1
2022/08/12 14:05:50	1	1	60	17.9640718562874	0.0179640718562874	0.179640718562874	1
2022/08/12 14:05:51	2	2	120	35.9281437125749	0.0359281437125748	0.359281437125749	1
2022/08/12 14:05:52	0	0	0	0	0	0	1
2022/08/12 14:05:53	1	1	60	17.9640718562874	0.0179640718562874	0.179640718562874	1
2022/08/12 14:05:54	0	0	0	0	0	0	1
2022/08/12 14:05:55	0	0	0	0	0	0	1
2022/08/12 14:05:56	0	0	0	0	0	0	1
2022/08/12 14:05:57	1	1	60	17.9640718562874	0.0179640718562874	0.179640718562874	1
2022/08/12 14:05:58	0	0	0	0	0	0	1
2022/08/12 14:05:59	0	0	0	0	0	0	1
2022/08/12 14:06:00	1	1	60	17.9640718562874	0.0179640718562874	0.179640718562874	1
2022/08/12 14:06:01	1	1	60	17.9640718562874	0.0179640718562874	0.179640718562874	1
2022/08/12 14:06:02	0	0	0	0	0	0	1
2022/08/12 14:06:03	1	1	60	17.9640718562874	0.0179640718562874	0.179640718562874	1
2022/08/12 14:06:04	0	0	0	0	0	0	1
2022/08/12 14:06:05	0	0	0	0	0	0	1
2022/08/12 14:06:06	2	2	120	35.9281437125749	0.0359281437125748	0.359281437125749	1
2022/08/12 14:06:07	0	0	0	0	0	0	1
2022/08/12 14:06:08	1	1	60	17.9640718562874	0.0179640718562874	0.179640718562874	1
2022/08/12 14:06:09	0	0	0	0	0	0	1
2022/08/12 14:06:10	2	2	120	35.9281437125749	0.0359281437125748	0.359281437125749	1
2022/08/12 14:06:11	0	0	0	0	0	0	1
2022/08/12 14:06:12	2	2	120	35.9281437125749	0.0359281437125748	0.359281437125749	1
2022/08/12 14:06:13	2	2	120	35.9281437125749	0.0359281437125748	0.359281437125749	1
2022/08/12 14:06:14	0	0	0	0	0	0	1
2022/08/12 14:06:15	0	0	0	0	0	0	1
2022/08/12 14:06:16	1	1	60	17.9640718562874	0.0179640718562874	0.179640718562874	1
