Date/Time	counts (1 sec)	cps	cpm	µR/h	mR/h	µSv/h	Averaging Time (sec)
2022/08/12 13:50:22	2	2	120	35.9281437125749	0.0359281437125748	0.359281437125749	1
2022/08/12 13:50:23	0	0	0	0	0	0	1
2022/08/12 13:50:24	1	1	60	17.9640718562874	0.0179640718562874	0.179640718562874	1
2022/08/12 13:50:25	0	0	0	0	0	0	1
2022/08/12 13:50:26	0	0	0	0	0	0	1
2022/08/12 13:50:27	1	1	60	17.9640718562874	0.0179640718562874	0.179640718562874	1
2022/08/12 13:50:28	1	1	60	17.9640718562874	0.0179640718562874	0.179640718562874	1
2022/08/12 13:50:29	1	1	60	17.9640718562874	0.0179640718562874	0.179640718562874	1
2022/08/12 13:50:30	0	0	0	0	0	0	1
2022/08/12 13:50:31	1	1	60	17.9640718562874	0.0179640718562874	0.179640718562874	1
2022/08/12 13:50:32	0	0	0	0	0	0	1
2022/08/12 13:50:33	1	1	60	17.9640718562874	0.0179640718562874	0.179640718562874	1
2022/08/12 13:50:34	1	1	60	17.9640718562874	0.0179640718562874	0.179640718562874	1
2022/08/12 13:50:35	0	0	0	0	0	0	1
2022/08/12 13:50:36	0	0	0	0	0	0	1
2022/08/12 13:50:37	0	0	0	0	0	0	1
2022/08/12 13:50:38	1	1	60	17.9640718562874	0.0179640718562874	0.179640718562874	1
2022/08/12 13:50:39	1	1	60	17.9640718562874	0.0179640718562874	0.179640718562874	1
2022/08/12 13:50:40	0	0	0	0	0	0	1
2022/08/12 13:50:41	1	1	60	17.9640718562874	0.0179640718562874	0.179640718562874	1
2022/08/12 13:50:42	1	1	60	17.9640718562874	0.0179640718562874	0.179640718562874	1
2022/08/12 13:50:43	0	0	0	0	0	0	1
2022/08/12 13:50:44	2	2	120	35.9281437125749	0.0359281437125748	0.359281437125749	1
2022/08/12 13:50:45	1	1	60	17.9640718562874	0.0179640718562874	0.179640718562874	1
2022/08/12 13:50:46	1	1	60	17.9640718562874	0.0179640718562874	0.179640718562874	1
2022/08/12 13:50:47	0	0	0	0	0	0	1
2022/08/12 13:50:48	1	1	60	17.9640718562874	0.0179640718562874	0.179640718562874	1
2022/08/12 13:50:49	0	0	0	0	0	0	1
2022/08/12 13:50:50	0	0	0	0	0	0	1
2022/08/12 13:50:51	0	0	0	0	0	0	1
2022/08/12 13:50:52	0	0	0	0	0	0	1
2022/08/12 13:50:53	0	0	0	0	0	0	1
2022/08/12 13:50:54	0	0	0	0	0	0	1
2022/08/12 13:50:55	0	0	0	0	0	0	1
2022/08/12 13:50:56	0	0	0	0	0	0	1
2022/08/12 13:50:57	0	0	0	0	0	0	1
2022/08/12 13:50:58	0	0	0	0	0	0	1
2022/08/12 13:50:59	0	0	0	0	0	0	1
2022/08/12 13:51:00	0	0	0	0	0	0	1
2022/08/12 13:51:01	0	0	0	0	0	0	1
2022/08/12 13:51:02	0	0	0	0	0	0	1
2022/08/12 13:51:03	1	1	60	17.9640718562874	0.0179640718562874	0.179640718562874	1
2022/08/12 13:51:04	0	0	0	0	0	0	1
2022/08/12 13:51:05	1	1	60	17.9640718562874	0.0179640718562874	0.179640718562874	1
2022/08/12 13:51:06	1	1	60	17.9640718562874	0.0179640718562874	0.179640718562874	1
2022/08/12 13:51:07	1	1	60	17.9640718562874	0.0179640718562874	0.179640718562874	1
2022/08/12 13:51:08	0	0	0	0	0	0	1
2022/08/12 13:51:09	0	0	0	0	0	0	1
2022/08/12 13:51:10	1	1	60	17.9640718562874	0.0179640718562874	0.179640718562874	1
2022/08/12 13:51:11	323	323	19380	5802.39520958084	5.80239520958084	58.0239520958084	1
2022/08/12 13:51:12	1809	1809	108540	32497.0059880239	32.497005988024	324.970059880239	1
2022/08/12 13:51:13	1924	1924	115440	34562.874251497	34.562874251497	345.62874251497	1
2022/08/12 13:51:14	2145	2145	128700	38532.9341317365	38.5329341317365	385.329341317365	1
2022/08/12 13:51:15	1167	1167	70020	20964.0718562874	20.9640718562874	209.640718562874	1
2022/08/12 13:51:16	32	32	1920	574.850299401198	0.574850299401198	5.74850299401198	1
2022/08/12 13:51:17	0	0	0	0	0	0	1
2022/08/12 13:51:18	1	1	60	17.9640718562874	0.0179640718562874	0.179640718562874	1
2022/08/12 13:51:19	1	1	60	17.9640718562874	0.0179640718562874	0.179640718562874	1
2022/08/12 13:51:20	1	1	60	17.9640718562874	0.0179640718562874	0.179640718562874	1
2022/08/12 13:51:21	0	0	0	0	0	0	1
2022/08/12 13:51:22	0	0	0	0	0	0	1
2022/08/12 13:51:23	0	0	0	0	0	0	1
2022/08/12 13:51:24	0	0	0	0	0	0	1
2022/08/12 13:51:25	0	0	0	0	0	0	1
2022/08/12 13:51:26	0	0	0	0	0	0	1
2022/08/12 13:51:27	3	3	180	53.8922155688623	0.0538922155688623	0.538922155688623	1
2022/08/12 13:51:28	0	0	0	0	0	0	1
2022/08/12 13:51:29	1	1	60	17.9640718562874	0.0179640718562874	0.179640718562874	1
2022/08/12 13:51:30	2	2	120	35.9281437125749	0.0359281437125748	0.359281437125749	1
2022/08/12 13:51:31	0	0	0	0	0	0	1
2022/08/12 13:51:32	1	1	60	17.9640718562874	0.0179640718562874	0.179640718562874	1
2022/08/12 13:51:33	2	2	120	35.9281437125749	0.0359281437125748	0.359281437125749	1
2022/08/12 13:51:34	0	0	0	0	0	0	1
2022/08/12 13:51:35	2	2	120	35.9281437125749	0.0359281437125748	0.359281437125749	1
2022/08/12 13:51:36	0	0	0	0	0	0	1
2022/08/12 13:51:37	0	0	0	0	0	0	1
2022/08/12 13:51:38	0	0	0	0	0	0	1
2022/08/12 13:51:39	0	0	0	0	0	0	1
2022/08/12 13:51:40	0	0	0	0	0	0	1
2022/08/12 13:51:41	0	0	0	0	0	0	1
2022/08/12 13:51:42	1	1	60	17.9640718562874	0.0179640718562874	0.179640718562874	1
2022/08/12 13:51:43	0	0	0	0	0	0	1
2022/08/12 13:51:44	0	0	0	0	0	0	1
2022/08/12 13:51:45	1	1	60	17.9640718562874	0.0179640718562874	0.179640718562874	1
2022/08/12 13:51:46	0	0	0	0	0	0	1
2022/08/12 13:51:47	3	3	180	53.8922155688623	0.0538922155688623	0.538922155688623	1
2022/08/12 13:51:48	0	0	0	0	0	0	1
2022/08/12 13:51:49	0	0	0	0	0	0	1
2022/08/12 13:51:50	1	1	60	17.9640718562874	0.0179640718562874	0.179640718562874	1
2022/08/12 13:51:51	0	0	0	0	0	0	1
2022/08/12 13:51:52	0	0	0	0	0	0	1
2022/08/12 13:51:53	0	0	0	0	0	0	1
2022/08/12 13:51:54	0	0	0	0	0	0	1
2022/08/12 13:51:55	1	1	60	17.9640718562874	0.0179640718562874	0.179640718562874	1
2022/08/12 13:51:56	2	2	120	35.9281437125749	0.0359281437125748	0.359281437125749	1
2022/08/12 13:51:57	0	0	0	0	0	0	1
2022/08/12 13:51:58	0	0	0	0	0	0	1
2022/08/12 13:51:59	0	0	0	0	0	0	1
2022/08/12 13:52:00	0	0	0	0	0	0	1
2022/08/12 13:52:01	0	0	0	0	0	0	1
2022/08/12 13:52:02	0	0	0	0	0	0	1
2022/08/12 13:52:03	2	2	120	35.9281437125749	0.0359281437125748	0.359281437125749	1
2022/08/12 13:52:04	0	0	0	0	0	0	1
2022/08/12 13:52:05	0	0	0	0	0	0	1
2022/08/12 13:52:06	1	1	60	17.9640718562874	0.0179640718562874	0.179640718562874	1
2022/08/12 13:52:07	0	0	0	0	0	0	1
2022/08/12 13:52:08	2	2	120	35.9281437125749	0.0359281437125748	0.359281437125749	1
2022/08/12 13:52:09	2	2	120	35.9281437125749	0.0359281437125748	0.359281437125749	1
2022/08/12 13:52:10	1	1	60	17.9640718562874	0.0179640718562874	0.179640718562874	1
2022/08/12 13:52:11	1	1	60	17.9640718562874	0.0179640718562874	0.179640718562874	1
2022/08/12 13:52:12	0	0	0	0	0	0	1
2022/08/12 13:52:13	0	0	0	0	0	0	1
2022/08/12 13:52:14	0	0	0	0	0	0	1
2022/08/12 13:52:15	1	1	60	17.9640718562874	0.0179640718562874	0.179640718562874	1
2022/08/12 13:52:16	0	0	0	0	0	0	1
2022/08/12 13:52:17	1	1	60	17.9640718562874	0.0179640718562874	0.179640718562874	1
2022/08/12 13:52:18	0	0	0	0	0	0	1
2022/08/12 13:52:19	0	0	0	0	0	0	1
2022/08/12 13:52:20	0	0	0	0	0	0	1
2022/08/12 13:52:21	0	0	0	0	0	0	1
2022/08/12 13:52:22	0	0	0	0	0	0	1
2022/08/12 13:52:23	2	2	120	35.9281437125749	0.0359281437125748	0.359281437125749	1
2022/08/12 13:52:24	1	1	60	17.9640718562874	0.0179640718562874	0.179640718562874	1
2022/08/12 13:52:25	0	0	0	0	0	0	1
2022/08/12 13:52:26	1	1	60	17.9640718562874	0.0179640718562874	0.179640718562874	1
2022/08/12 13:52:27	2	2	120	35.9281437125749	0.0359281437125748	0.359281437125749	1
2022/08/12 13:52:28	1	1	60	17.9640718562874	0.0179640718562874	0.179640718562874	1
2022/08/12 13:52:29	1	1	60	17.9640718562874	0.0179640718562874	0.179640718562874	1
2022/08/12 13:52:30	0	0	0	0	0	0	1
2022/08/12 13:52:31	1	1	60	17.9640718562874	0.0179640718562874	0.179640718562874	1
2022/08/12 13:52:32	0	0	0	0	0	0	1
2022/08/12 13:52:33	0	0	0	0	0	0	1
2022/08/12 13:52:34	1	1	60	17.9640718562874	0.0179640718562874	0.179640718562874	1
2022/08/12 13:52:35	0	0	0	0	0	0	1
2022/08/12 13:52:36	1	1	60	17.9640718562874	0.0179640718562874	0.179640718562874	1
2022/08/12 13:52:37	1	1	60	17.9640718562874	0.0179640718562874	0.179640718562874	1
2022/08/12 13:52:38	0	0	0	0	0	0	1
2022/08/12 13:52:39	0	0	0	0	0	0	1
2022/08/12 13:52:40	1	1	60	17.9640718562874	0.0179640718562874	0.179640718562874	1
2022/08/12 13:52:41	0	0	0	0	0	0	1
2022/08/12 13:52:42	1	1	60	17.9640718562874	0.0179640718562874	0.179640718562874	1
2022/08/12 13:52:43	1	1	60	17.9640718562874	0.0179640718562874	0.179640718562874	1
2022/08/12 13:52:44	0	0	0	0	0	0	1
2022/08/12 13:52:45	1	1	60	17.9640718562874	0.0179640718562874	0.179640718562874	1
2022/08/12 13:52:46	0	0	0	0	0	0	1
2022/08/12 13:52:47	0	0	0	0	0	0	1
2022/08/12 13:52:48	0	0	0	0	0	0	1
2022/08/12 13:52:49	1	1	60	17.9640718562874	0.0179640718562874	0.179640718562874	1
2022/08/12 13:52:50	0	0	0	0	0	0	1
2022/08/12 13:52:51	1	1	60	17.9640718562874	0.0179640718562874	0.179640718562874	1
2022/08/12 13:52:52	0	0	0	0	0	0	1
2022/08/12 13:52:53	0	0	0	0	0	0	1
2022/08/12 13:52:54	0	0	0	0	0	0	1
2022/08/12 13:52:55	1	1	60	17.9640718562874	0.0179640718562874	0.179640718562874	1
2022/08/12 13:52:56	0	0	0	0	0	0	1
2022/08/12 13:52:57	1	1	60	17.9640718562874	0.0179640718562874	0.179640718562874	1
2022/08/12 13:52:58	0	0	0	0	0	0	1
2022/08/12 13:52:59	0	0	0	0	0	0	1
2022/08/12 13:53:00	0	0	0	0	0	0	1
2022/08/12 13:53:01	1	1	60	17.9640718562874	0.0179640718562874	0.179640718562874	1
2022/08/12 13:53:02	1	1	60	17.9640718562874	0.0179640718562874	0.179640718562874	1
2022/08/12 13:53:03	0	0	0	0	0	0	1
2022/08/12 13:53:04	1	1	60	17.9640718562874	0.0179640718562874	0.179640718562874	1
2022/08/12 13:53:05	1	1	60	17.9640718562874	0.0179640718562874	0.179640718562874	1
2022/08/12 13:53:06	0	0	0	0	0	0	1
2022/08/12 13:53:07	0	0	0	0	0	0	1
2022/08/12 13:53:08	0	0	0	0	0	0	1
2022/08/12 13:53:09	1	1	60	17.9640718562874	0.0179640718562874	0.179640718562874	1
2022/08/12 13:53:10	0	0	0	0	0	0	1
2022/08/12 13:53:11	1	1	60	17.9640718562874	0.0179640718562874	0.179640718562874	1
2022/08/12 13:53:12	0	0	0	0	0	0	1
2022/08/12 13:53:13	0	0	0	0	0	0	1
2022/08/12 13:53:14	2	2	120	35.9281437125749	0.0359281437125748	0.359281437125749	1
2022/08/12 13:53:15	0	0	0	0	0	0	1
2022/08/12 13:53:16	0	0	0	0	0	0	1
2022/08/12 13:53:17	0	0	0	0	0	0	1
2022/08/12 13:53:18	0	0	0	0	0	0	1
2022/08/12 13:53:19	1	1	60	17.9640718562874	0.0179640718562874	0.179640718562874	1
2022/08/12 13:53:20	1	1	60	17.9640718562874	0.0179640718562874	0.179640718562874	1
2022/08/12 13:53:21	0	0	0	0	0	0	1
2022/08/12 13:53:22	0	0	0	0	0	0	1
2022/08/12 13:53:23	0	0	0	0	0	0	1
2022/08/12 13:53:24	1	1	60	17.9640718562874	0.0179640718562874	0.179640718562874	1
2022/08/12 13:53:25	2	2	120	35.9281437125749	0.0359281437125748	0.359281437125749	1
2022/08/12 13:53:26	0	0	0	0	0	0	1
2022/08/12 13:53:27	0	0	0	0	0	0	1
2022/08/12 13:53:28	2	2	120	35.9281437125749	0.0359281437125748	0.359281437125749	1
2022/08/12 13:53:29	1	1	60	17.9640718562874	0.0179640718562874	0.179640718562874	1
2022/08/12 13:53:30	3	3	180	53.8922155688623	0.0538922155688623	0.538922155688623	1
2022/08/12 13:53:31	0	0	0	0	0	0	1
2022/08/12 13:53:32	0	0	0	0	0	0	1
2022/08/12 13:53:33	1	1	60	17.9640718562874	0.0179640718562874	0.179640718562874	1
2022/08/12 13:53:34	0	0	0	0	0	0	1
