Date/Time	counts (1 sec)	cps	cpm	µR/h	mR/h	µSv/h	Averaging Time (sec)
2022/08/12 14:42:21	1	1	60	17.9640718562874	0.0179640718562874	0.179640718562874	1
2022/08/12 14:42:22	0	0	0	0	0	0	1
2022/08/12 14:42:23	0	0	0	0	0	0	1
2022/08/12 14:42:24	2	2	120	35.9281437125749	0.0359281437125748	0.359281437125749	1
2022/08/12 14:42:25	1	1	60	17.9640718562874	0.0179640718562874	0.179640718562874	1
2022/08/12 14:42:26	0	0	0	0	0	0	1
2022/08/12 14:42:27	0	0	0	0	0	0	1
2022/08/12 14:42:28	0	0	0	0	0	0	1
2022/08/12 14:42:29	1	1	60	17.9640718562874	0.0179640718562874	0.179640718562874	1
2022/08/12 14:42:30	1	1	60	17.9640718562874	0.0179640718562874	0.179640718562874	1
2022/08/12 14:42:31	1	1	60	17.9640718562874	0.0179640718562874	0.179640718562874	1
2022/08/12 14:42:32	0	0	0	0	0	0	1
2022/08/12 14:42:33	2	2	120	35.9281437125749	0.0359281437125748	0.359281437125749	1
2022/08/12 14:42:34	2	2	120	35.9281437125749	0.0359281437125748	0.359281437125749	1
2022/08/12 14:42:35	0	0	0	0	0	0	1
2022/08/12 14:42:36	1	1	60	17.9640718562874	0.0179640718562874	0.179640718562874	1
2022/08/12 14:42:37	0	0	0	0	0	0	1
2022/08/12 14:42:38	0	0	0	0	0	0	1
2022/08/12 14:42:39	0	0	0	0	0	0	1
2022/08/12 14:42:40	0	0	0	0	0	0	1
2022/08/12 14:42:41	1	1	60	17.9640718562874	0.0179640718562874	0.179640718562874	1
2022/08/12 14:42:42	0	0	0	0	0	0	1
2022/08/12 14:42:43	0	0	0	0	0	0	1
2022/08/12 14:42:44	0	0	0	0	0	0	1
2022/08/12 14:42:45	0	0	0	0	0	0	1
2022/08/12 14:42:46	0	0	0	0	0	0	1
2022/08/12 14:42:47	0	0	0	0	0	0	1
2022/08/12 14:42:48	1	1	60	17.9640718562874	0.0179640718562874	0.179640718562874	1
2022/08/12 14:42:49	0	0	0	0	0	0	1
2022/08/12 14:42:50	0	0	0	0	0	0	1
2022/08/12 14:42:51	1	1	60	17.9640718562874	0.0179640718562874	0.179640718562874	1
2022/08/12 14:42:52	1	1	60	17.9640718562874	0.0179640718562874	0.179640718562874	1
2022/08/12 14:42:53	1	1	60	17.9640718562874	0.0179640718562874	0.179640718562874	1
2022/08/12 14:42:54	0	0	0	0	0	0	1
2022/08/12 14:42:55	0	0	0	0	0	0	1
2022/08/12 14:42:56	1	1	60	17.9640718562874	0.0179640718562874	0.179640718562874	1
2022/08/12 14:42:57	0	0	0	0	0	0	1
2022/08/12 14:42:58	0	0	0	0	0	0	1
2022/08/12 14:42:59	0	0	0	0	0	0	1
2022/08/12 14:43:00	0	0	0	0	0	0	1
2022/08/12 14:43:01	3	3	180	53.8922155688623	0.0538922155688623	0.538922155688623	1
2022/08/12 14:43:02	0	0	0	0	0	0	1
2022/08/12 14:43:03	0	0	0	0	0	0	1
2022/08/12 14:43:04	1	1	60	17.9640718562874	0.0179640718562874	0.179640718562874	1
2022/08/12 14:43:05	0	0	0	0	0	0	1
2022/08/12 14:43:06	0	0	0	0	0	0	1
2022/08/12 14:43:07	1	1	60	17.9640718562874	0.0179640718562874	0.179640718562874	1
2022/08/12 14:43:08	0	0	0	0	0	0	1
2022/08/12 14:43:09	2	2	120	35.9281437125749	0.0359281437125748	0.359281437125749	1
2022/08/12 14:43:10	1	1	60	17.9640718562874	0.0179640718562874	0.179640718562874	1
2022/08/12 14:43:11	1	1	60	17.9640718562874	0.0179640718562874	0.179640718562874	1
2022/08/12 14:43:12	1	1	60	17.9640718562874	0.0179640718562874	0.179640718562874	1
2022/08/12 14:43:13	2	2	120	35.9281437125749	0.0359281437125748	0.359281437125749	1
2022/08/12 14:43:14	2	2	120	35.9281437125749	0.0359281437125748	0.359281437125749	1
2022/08/12 14:43:15	1	1	60	17.9640718562874	0.0179640718562874	0.179640718562874	1
2022/08/12 14:43:16	0	0	0	0	0	0	1
2022/08/12 14:43:17	0	0	0	0	0	0	1
2022/08/12 14:43:18	0	0	0	0	0	0	1
2022/08/12 14:43:19	0	0	0	0	0	0	1
2022/08/12 14:43:20	1	1	60	17.9640718562874	0.0179640718562874	0.179640718562874	1
2022/08/12 14:43:21	1	1	60	17.9640718562874	0.0179640718562874	0.179640718562874	1
2022/08/12 14:43:22	0	0	0	0	0	0	1
2022/08/12 14:43:23	1	1	60	17.9640718562874	0.0179640718562874	0.179640718562874	1
2022/08/12 14:43:24	1	1	60	17.9640718562874	0.0179640718562874	0.179640718562874	1
2022/08/12 14:43:25	2	2	120	35.9281437125749	0.0359281437125748	0.359281437125749	1
2022/08/12 14:43:26	1	1	60	17.9640718562874	0.0179640718562874	0.179640718562874	1
2022/08/12 14:43:27	1	1	60	17.9640718562874	0.0179640718562874	0.179640718562874	1
2022/08/12 14:43:28	0	0	0	0	0	0	1
2022/08/12 14:43:29	1	1	60	17.9640718562874	0.0179640718562874	0.179640718562874	1
2022/08/12 14:43:30	0	0	0	0	0	0	1
2022/08/12 14:43:31	1	1	60	17.9640718562874	0.0179640718562874	0.179640718562874	1
2022/08/12 14:43:32	0	0	0	0	0	0	1
2022/08/12 14:43:33	0	0	0	0	0	0	1
2022/08/12 14:43:34	1	1	60	17.9640718562874	0.0179640718562874	0.179640718562874	1
2022/08/12 14:43:35	0	0	0	0	0	0	1
2022/08/12 14:43:36	0	0	0	0	0	0	1
2022/08/12 14:43:37	0	0	0	0	0	0	1
2022/08/12 14:43:38	0	0	0	0	0	0	1
2022/08/12 14:43:39	0	0	0	0	0	0	1
2022/08/12 14:43:40	0	0	0	0	0	0	1
2022/08/12 14:43:41	0	0	0	0	0	0	1
2022/08/12 14:43:42	2	2	120	35.9281437125749	0.0359281437125748	0.359281437125749	1
2022/08/12 14:43:43	0	0	0	0	0	0	1
2022/08/12 14:43:44	0	0	0	0	0	0	1
2022/08/12 14:43:45	1	1	60	17.9640718562874	0.0179640718562874	0.179640718562874	1
2022/08/12 14:43:46	0	0	0	0	0	0	1
2022/08/12 14:43:47	0	0	0	0	0	0	1
2022/08/12 14:43:48	1	1	60	17.9640718562874	0.0179640718562874	0.179640718562874	1
2022/08/12 14:43:49	0	0	0	0	0	0	1
2022/08/12 14:43:50	0	0	0	0	0	0	1
