Date/Time	counts (1 sec)	cps	cpm	µR/h	mR/h	µSv/h	Averaging Time (sec)
2022/08/12 09:43:37	1	1	60	17.9640718562874	0.0179640718562874	0.179640718562874	1
2022/08/12 09:43:38	1	1	60	17.9640718562874	0.0179640718562874	0.179640718562874	1
2022/08/12 09:43:39	1	1	60	17.9640718562874	0.0179640718562874	0.179640718562874	1
2022/08/12 09:43:40	0	0	0	0	0	0	1
2022/08/12 09:43:41	1	1	60	17.9640718562874	0.0179640718562874	0.179640718562874	1
2022/08/12 09:43:42	0	0	0	0	0	0	1
2022/08/12 09:43:43	0	0	0	0	0	0	1
2022/08/12 09:43:44	2	2	120	35.9281437125749	0.0359281437125748	0.359281437125749	1
2022/08/12 09:43:45	0	0	0	0	0	0	1
2022/08/12 09:43:46	1	1	60	17.9640718562874	0.0179640718562874	0.179640718562874	1
2022/08/12 09:43:47	1	1	60	17.9640718562874	0.0179640718562874	0.179640718562874	1
2022/08/12 09:43:48	0	0	0	0	0	0	1
2022/08/12 09:43:49	1	1	60	17.9640718562874	0.0179640718562874	0.179640718562874	1
2022/08/12 09:43:50	0	0	0	0	0	0	1
2022/08/12 09:43:51	0	0	0	0	0	0	1
2022/08/12 09:43:52	0	0	0	0	0	0	1
2022/08/12 09:43:53	1	1	60	17.9640718562874	0.0179640718562874	0.179640718562874	1
2022/08/12 09:43:54	0	0	0	0	0	0	1
2022/08/12 09:43:55	1	1	60	17.9640718562874	0.0179640718562874	0.179640718562874	1
2022/08/12 09:43:56	2	2	120	35.9281437125749	0.0359281437125748	0.359281437125749	1
2022/08/12 09:43:57	2	2	120	35.9281437125749	0.0359281437125748	0.359281437125749	1
2022/08/12 09:43:58	0	0	0	0	0	0	1
2022/08/12 09:43:59	0	0	0	0	0	0	1
2022/08/12 09:44:00	0	0	0	0	0	0	1
2022/08/12 09:44:01	1	1	60	17.9640718562874	0.0179640718562874	0.179640718562874	1
2022/08/12 09:44:02	0	0	0	0	0	0	1
2022/08/12 09:44:03	0	0	0	0	0	0	1
2022/08/12 09:44:04	0	0	0	0	0	0	1
2022/08/12 09:44:05	1	1	60	17.9640718562874	0.0179640718562874	0.179640718562874	1
2022/08/12 09:44:06	0	0	0	0	0	0	1
2022/08/12 09:44:07	0	0	0	0	0	0	1
2022/08/12 09:44:08	1	1	60	17.9640718562874	0.0179640718562874	0.179640718562874	1
2022/08/12 09:44:09	1	1	60	17.9640718562874	0.0179640718562874	0.179640718562874	1
2022/08/12 09:44:10	0	0	0	0	0	0	1
2022/08/12 09:44:11	3	3	180	53.8922155688623	0.0538922155688623	0.538922155688623	1
2022/08/12 09:44:12	1	1	60	17.9640718562874	0.0179640718562874	0.179640718562874	1
2022/08/12 09:44:13	0	0	0	0	0	0	1
2022/08/12 09:44:14	0	0	0	0	0	0	1
2022/08/12 09:44:15	3	3	180	53.8922155688623	0.0538922155688623	0.538922155688623	1
2022/08/12 09:44:16	0	0	0	0	0	0	1
2022/08/12 09:44:17	0	0	0	0	0	0	1
2022/08/12 09:44:18	1	1	60	17.9640718562874	0.0179640718562874	0.179640718562874	1
2022/08/12 09:44:19	1	1	60	17.9640718562874	0.0179640718562874	0.179640718562874	1
2022/08/12 09:44:20	1	1	60	17.9640718562874	0.0179640718562874	0.179640718562874	1
2022/08/12 09:44:21	1	1	60	17.9640718562874	0.0179640718562874	0.179640718562874	1
2022/08/12 09:44:22	0	0	0	0	0	0	1
2022/08/12 09:44:23	0	0	0	0	0	0	1
2022/08/12 09:44:24	0	0	0	0	0	0	1
2022/08/12 09:44:25	1	1	60	17.9640718562874	0.0179640718562874	0.179640718562874	1
2022/08/12 09:44:26	1	1	60	17.9640718562874	0.0179640718562874	0.179640718562874	1
2022/08/12 09:44:27	0	0	0	0	0	0	1
2022/08/12 09:44:28	1	1	60	17.9640718562874	0.0179640718562874	0.179640718562874	1
2022/08/12 09:44:29	0	0	0	0	0	0	1
2022/08/12 09:44:30	0	0	0	0	0	0	1
2022/08/12 09:44:31	0	0	0	0	0	0	1
2022/08/12 09:44:32	0	0	0	0	0	0	1
2022/08/12 09:44:33	2	2	120	35.9281437125749	0.0359281437125748	0.359281437125749	1
2022/08/12 09:44:34	1	1	60	17.9640718562874	0.0179640718562874	0.179640718562874	1
2022/08/12 09:44:35	0	0	0	0	0	0	1
2022/08/12 09:44:36	0	0	0	0	0	0	1
2022/08/12 09:44:37	0	0	0	0	0	0	1
2022/08/12 09:44:38	1	1	60	17.9640718562874	0.0179640718562874	0.179640718562874	1
2022/08/12 09:44:39	0	0	0	0	0	0	1
2022/08/12 09:44:40	0	0	0	0	0	0	1
2022/08/12 09:44:41	0	0	0	0	0	0	1
2022/08/12 09:44:42	1	1	60	17.9640718562874	0.0179640718562874	0.179640718562874	1
2022/08/12 09:44:43	0	0	0	0	0	0	1
2022/08/12 09:44:44	1	1	60	17.9640718562874	0.0179640718562874	0.179640718562874	1
2022/08/12 09:44:45	1	1	60	17.9640718562874	0.0179640718562874	0.179640718562874	1
2022/08/12 09:44:46	1	1	60	17.9640718562874	0.0179640718562874	0.179640718562874	1
2022/08/12 09:44:47	1	1	60	17.9640718562874	0.0179640718562874	0.179640718562874	1
2022/08/12 09:44:48	0	0	0	0	0	0	1
2022/08/12 09:44:49	0	0	0	0	0	0	1
2022/08/12 09:44:50	0	0	0	0	0	0	1
2022/08/12 09:44:51	0	0	0	0	0	0	1
2022/08/12 09:44:52	1	1	60	17.9640718562874	0.0179640718562874	0.179640718562874	1
2022/08/12 09:44:53	2	2	120	35.9281437125749	0.0359281437125748	0.359281437125749	1
2022/08/12 09:44:54	0	0	0	0	0	0	1
2022/08/12 09:44:55	0	0	0	0	0	0	1
2022/08/12 09:44:56	2	2	120	35.9281437125749	0.0359281437125748	0.359281437125749	1
2022/08/12 09:44:57	1	1	60	17.9640718562874	0.0179640718562874	0.179640718562874	1
2022/08/12 09:44:58	2	2	120	35.9281437125749	0.0359281437125748	0.359281437125749	1
2022/08/12 09:44:59	1	1	60	17.9640718562874	0.0179640718562874	0.179640718562874	1
2022/08/12 09:45:00	0	0	0	0	0	0	1
2022/08/12 09:45:01	1	1	60	17.9640718562874	0.0179640718562874	0.179640718562874	1
2022/08/12 09:45:02	1	1	60	17.9640718562874	0.0179640718562874	0.179640718562874	1
2022/08/12 09:45:03	0	0	0	0	0	0	1
2022/08/12 09:45:04	1	1	60	17.9640718562874	0.0179640718562874	0.179640718562874	1
2022/08/12 09:45:05	1	1	60	17.9640718562874	0.0179640718562874	0.179640718562874	1
2022/08/12 09:45:06	0	0	0	0	0	0	1
2022/08/12 09:45:07	2	2	120	35.9281437125749	0.0359281437125748	0.359281437125749	1
2022/08/12 09:45:08	0	0	0	0	0	0	1
2022/08/12 09:45:09	1	1	60	17.9640718562874	0.0179640718562874	0.179640718562874	1
2022/08/12 09:45:10	0	0	0	0	0	0	1
2022/08/12 09:45:11	0	0	0	0	0	0	1
2022/08/12 09:45:12	1	1	60	17.9640718562874	0.0179640718562874	0.179640718562874	1
2022/08/12 09:45:13	1	1	60	17.9640718562874	0.0179640718562874	0.179640718562874	1
2022/08/12 09:45:14	1	1	60	17.9640718562874	0.0179640718562874	0.179640718562874	1
2022/08/12 09:45:15	0	0	0	0	0	0	1
2022/08/12 09:45:16	1	1	60	17.9640718562874	0.0179640718562874	0.179640718562874	1
2022/08/12 09:45:17	1	1	60	17.9640718562874	0.0179640718562874	0.179640718562874	1
2022/08/12 09:45:18	1	1	60	17.9640718562874	0.0179640718562874	0.179640718562874	1
2022/08/12 09:45:19	1	1	60	17.9640718562874	0.0179640718562874	0.179640718562874	1
2022/08/12 09:45:20	0	0	0	0	0	0	1
2022/08/12 09:45:21	0	0	0	0	0	0	1
2022/08/12 09:45:22	0	0	0	0	0	0	1
2022/08/12 09:45:23	2	2	120	35.9281437125749	0.0359281437125748	0.359281437125749	1
2022/08/12 09:45:24	0	0	0	0	0	0	1
2022/08/12 09:45:25	0	0	0	0	0	0	1
2022/08/12 09:45:26	0	0	0	0	0	0	1
2022/08/12 09:45:27	0	0	0	0	0	0	1
2022/08/12 09:45:28	0	0	0	0	0	0	1
2022/08/12 09:45:29	0	0	0	0	0	0	1
2022/08/12 09:45:30	1	1	60	17.9640718562874	0.0179640718562874	0.179640718562874	1
2022/08/12 09:45:31	1	1	60	17.9640718562874	0.0179640718562874	0.179640718562874	1
2022/08/12 09:45:32	1	1	60	17.9640718562874	0.0179640718562874	0.179640718562874	1
2022/08/12 09:45:33	2	2	120	35.9281437125749	0.0359281437125748	0.359281437125749	1
2022/08/12 09:45:34	0	0	0	0	0	0	1
2022/08/12 09:45:35	0	0	0	0	0	0	1
2022/08/12 09:45:36	0	0	0	0	0	0	1
2022/08/12 09:45:37	1	1	60	17.9640718562874	0.0179640718562874	0.179640718562874	1
2022/08/12 09:45:38	1	1	60	17.9640718562874	0.0179640718562874	0.179640718562874	1
2022/08/12 09:45:39	0	0	0	0	0	0	1
2022/08/12 09:45:40	0	0	0	0	0	0	1
2022/08/12 09:45:41	0	0	0	0	0	0	1
2022/08/12 09:45:42	0	0	0	0	0	0	1
2022/08/12 09:45:43	0	0	0	0	0	0	1
2022/08/12 09:45:44	0	0	0	0	0	0	1
2022/08/12 09:45:45	0	0	0	0	0	0	1
2022/08/12 09:45:46	0	0	0	0	0	0	1
2022/08/12 09:45:47	0	0	0	0	0	0	1
2022/08/12 09:45:48	0	0	0	0	0	0	1
2022/08/12 09:45:49	2	2	120	35.9281437125749	0.0359281437125748	0.359281437125749	1
2022/08/12 09:45:50	1	1	60	17.9640718562874	0.0179640718562874	0.179640718562874	1
2022/08/12 09:45:51	0	0	0	0	0	0	1
2022/08/12 09:45:52	3	3	180	53.8922155688623	0.0538922155688623	0.538922155688623	1
2022/08/12 09:45:53	0	0	0	0	0	0	1
2022/08/12 09:45:54	0	0	0	0	0	0	1
2022/08/12 09:45:55	1	1	60	17.9640718562874	0.0179640718562874	0.179640718562874	1
2022/08/12 09:45:56	0	0	0	0	0	0	1
2022/08/12 09:45:57	0	0	0	0	0	0	1
2022/08/12 09:45:58	0	0	0	0	0	0	1
2022/08/12 09:45:59	0	0	0	0	0	0	1
2022/08/12 09:46:00	0	0	0	0	0	0	1
2022/08/12 09:46:01	0	0	0	0	0	0	1
2022/08/12 09:46:02	0	0	0	0	0	0	1
2022/08/12 09:46:03	1	1	60	17.9640718562874	0.0179640718562874	0.179640718562874	1
2022/08/12 09:46:04	2	2	120	35.9281437125749	0.0359281437125748	0.359281437125749	1
2022/08/12 09:46:05	1	1	60	17.9640718562874	0.0179640718562874	0.179640718562874	1
2022/08/12 09:46:06	0	0	0	0	0	0	1
2022/08/12 09:46:07	0	0	0	0	0	0	1
2022/08/12 09:46:08	0	0	0	0	0	0	1
2022/08/12 09:46:09	2	2	120	35.9281437125749	0.0359281437125748	0.359281437125749	1
2022/08/12 09:46:10	1	1	60	17.9640718562874	0.0179640718562874	0.179640718562874	1
2022/08/12 09:46:11	1	1	60	17.9640718562874	0.0179640718562874	0.179640718562874	1
2022/08/12 09:46:12	1	1	60	17.9640718562874	0.0179640718562874	0.179640718562874	1
2022/08/12 09:46:13	2	2	120	35.9281437125749	0.0359281437125748	0.359281437125749	1
2022/08/12 09:46:14	2	2	120	35.9281437125749	0.0359281437125748	0.359281437125749	1
2022/08/12 09:46:15	0	0	0	0	0	0	1
2022/08/12 09:46:16	0	0	0	0	0	0	1
2022/08/12 09:46:17	0	0	0	0	0	0	1
2022/08/12 09:46:18	2	2	120	35.9281437125749	0.0359281437125748	0.359281437125749	1
2022/08/12 09:46:19	0	0	0	0	0	0	1
2022/08/12 09:46:20	1	1	60	17.9640718562874	0.0179640718562874	0.179640718562874	1
2022/08/12 09:46:21	1	1	60	17.9640718562874	0.0179640718562874	0.179640718562874	1
2022/08/12 09:46:22	0	0	0	0	0	0	1
2022/08/12 09:46:23	0	0	0	0	0	0	1
2022/08/12 09:46:24	0	0	0	0	0	0	1
2022/08/12 09:46:25	0	0	0	0	0	0	1
2022/08/12 09:46:26	1	1	60	17.9640718562874	0.0179640718562874	0.179640718562874	1
2022/08/12 09:46:27	1	1	60	17.9640718562874	0.0179640718562874	0.179640718562874	1
2022/08/12 09:46:28	1	1	60	17.9640718562874	0.0179640718562874	0.179640718562874	1
2022/08/12 09:46:29	1	1	60	17.9640718562874	0.0179640718562874	0.179640718562874	1
2022/08/12 09:46:30	0	0	0	0	0	0	1
2022/08/12 09:46:31	0	0	0	0	0	0	1
2022/08/12 09:46:32	1	1	60	17.9640718562874	0.0179640718562874	0.179640718562874	1
2022/08/12 09:46:33	0	0	0	0	0	0	1
2022/08/12 09:46:34	0	0	0	0	0	0	1
2022/08/12 09:46:35	0	0	0	0	0	0	1
2022/08/12 09:46:36	1	1	60	17.9640718562874	0.0179640718562874	0.179640718562874	1
2022/08/12 09:46:37	0	0	0	0	0	0	1
2022/08/12 09:46:38	0	0	0	0	0	0	1
2022/08/12 09:46:39	1	1	60	17.9640718562874	0.0179640718562874	0.179640718562874	1
2022/08/12 09:46:40	2	2	120	35.9281437125749	0.0359281437125748	0.359281437125749	1
2022/08/12 09:46:41	1	1	60	17.9640718562874	0.0179640718562874	0.179640718562874	1
2022/08/12 09:46:42	0	0	0	0	0	0	1
2022/08/12 09:46:43	0	0	0	0	0	0	1
2022/08/12 09:46:44	0	0	0	0	0	0	1
2022/08/12 09:46:45	1	1	60	17.9640718562874	0.0179640718562874	0.179640718562874	1
2022/08/12 09:46:46	0	0	0	0	0	0	1
2022/08/12 09:46:47	1	1	60	17.9640718562874	0.0179640718562874	0.179640718562874	1
2022/08/12 09:46:48	0	0	0	0	0	0	1
2022/08/12 09:46:49	1	1	60	17.9640718562874	0.0179640718562874	0.179640718562874	1
2022/08/12 09:46:50	1	1	60	17.9640718562874	0.0179640718562874	0.179640718562874	1
2022/08/12 09:46:51	0	0	0	0	0	0	1
2022/08/12 09:46:52	1	1	60	17.9640718562874	0.0179640718562874	0.179640718562874	1
2022/08/12 09:46:53	1	1	60	17.9640718562874	0.0179640718562874	0.179640718562874	1
2022/08/12 09:46:54	1	1	60	17.9640718562874	0.0179640718562874	0.179640718562874	1
2022/08/12 09:46:55	0	0	0	0	0	0	1
2022/08/12 09:46:56	1	1	60	17.9640718562874	0.0179640718562874	0.179640718562874	1
2022/08/12 09:46:57	0	0	0	0	0	0	1
2022/08/12 09:46:58	1	1	60	17.9640718562874	0.0179640718562874	0.179640718562874	1
2022/08/12 09:46:59	0	0	0	0	0	0	1
2022/08/12 09:47:00	0	0	0	0	0	0	1
2022/08/12 09:47:01	1	1	60	17.9640718562874	0.0179640718562874	0.179640718562874	1
2022/08/12 09:47:02	1	1	60	17.9640718562874	0.0179640718562874	0.179640718562874	1
2022/08/12 09:47:03	2	2	120	35.9281437125749	0.0359281437125748	0.359281437125749	1
2022/08/12 09:47:04	0	0	0	0	0	0	1
2022/08/12 09:47:05	0	0	0	0	0	0	1
2022/08/12 09:47:06	3	3	180	53.8922155688623	0.0538922155688623	0.538922155688623	1
2022/08/12 09:47:07	0	0	0	0	0	0	1
2022/08/12 09:47:08	0	0	0	0	0	0	1
2022/08/12 09:47:09	1	1	60	17.9640718562874	0.0179640718562874	0.179640718562874	1
2022/08/12 09:47:10	0	0	0	0	0	0	1
2022/08/12 09:47:11	4	4	240	71.8562874251497	0.0718562874251497	0.718562874251497	1
2022/08/12 09:47:12	0	0	0	0	0	0	1
2022/08/12 09:47:13	0	0	0	0	0	0	1
2022/08/12 09:47:14	0	0	0	0	0	0	1
2022/08/12 09:47:15	0	0	0	0	0	0	1
2022/08/12 09:47:16	0	0	0	0	0	0	1
2022/08/12 09:47:17	0	0	0	0	0	0	1
2022/08/12 09:47:18	0	0	0	0	0	0	1
2022/08/12 09:47:19	0	0	0	0	0	0	1
2022/08/12 09:47:20	0	0	0	0	0	0	1
2022/08/12 09:47:21	0	0	0	0	0	0	1
2022/08/12 09:47:22	0	0	0	0	0	0	1
2022/08/12 09:47:23	0	0	0	0	0	0	1
2022/08/12 09:47:24	1	1	60	17.9640718562874	0.0179640718562874	0.179640718562874	1
2022/08/12 09:47:25	0	0	0	0	0	0	1
2022/08/12 09:47:26	0	0	0	0	0	0	1
2022/08/12 09:47:27	0	0	0	0	0	0	1
2022/08/12 09:47:28	1	1	60	17.9640718562874	0.0179640718562874	0.179640718562874	1
2022/08/12 09:47:29	1	1	60	17.9640718562874	0.0179640718562874	0.179640718562874	1
2022/08/12 09:47:30	0	0	0	0	0	0	1
2022/08/12 09:47:31	1	1	60	17.9640718562874	0.0179640718562874	0.179640718562874	1
2022/08/12 09:47:32	0	0	0	0	0	0	1
2022/08/12 09:47:33	1	1	60	17.9640718562874	0.0179640718562874	0.179640718562874	1
2022/08/12 09:47:34	2	2	120	35.9281437125749	0.0359281437125748	0.359281437125749	1
2022/08/12 09:47:35	0	0	0	0	0	0	1
2022/08/12 09:47:36	4	4	240	71.8562874251497	0.0718562874251497	0.718562874251497	1
2022/08/12 09:47:37	0	0	0	0	0	0	1
2022/08/12 09:47:38	1	1	60	17.9640718562874	0.0179640718562874	0.179640718562874	1
2022/08/12 09:47:39	1	1	60	17.9640718562874	0.0179640718562874	0.179640718562874	1
2022/08/12 09:47:40	1	1	60	17.9640718562874	0.0179640718562874	0.179640718562874	1
2022/08/12 09:47:41	0	0	0	0	0	0	1
2022/08/12 09:47:42	1	1	60	17.9640718562874	0.0179640718562874	0.179640718562874	1
2022/08/12 09:47:43	1	1	60	17.9640718562874	0.0179640718562874	0.179640718562874	1
2022/08/12 09:47:44	2	2	120	35.9281437125749	0.0359281437125748	0.359281437125749	1
2022/08/12 09:47:45	1	1	60	17.9640718562874	0.0179640718562874	0.179640718562874	1
2022/08/12 09:47:46	0	0	0	0	0	0	1
2022/08/12 09:47:47	1	1	60	17.9640718562874	0.0179640718562874	0.179640718562874	1
2022/08/12 09:47:48	0	0	0	0	0	0	1
2022/08/12 09:47:49	0	0	0	0	0	0	1
2022/08/12 09:47:50	1	1	60	17.9640718562874	0.0179640718562874	0.179640718562874	1
2022/08/12 09:47:51	0	0	0	0	0	0	1
2022/08/12 09:47:52	1	1	60	17.9640718562874	0.0179640718562874	0.179640718562874	1
2022/08/12 09:47:53	0	0	0	0	0	0	1
2022/08/12 09:47:54	0	0	0	0	0	0	1
2022/08/12 09:47:55	0	0	0	0	0	0	1
2022/08/12 09:47:56	1	1	60	17.9640718562874	0.0179640718562874	0.179640718562874	1
2022/08/12 09:47:57	1	1	60	17.9640718562874	0.0179640718562874	0.179640718562874	1
2022/08/12 09:47:58	1	1	60	17.9640718562874	0.0179640718562874	0.179640718562874	1
2022/08/12 09:47:59	2	2	120	35.9281437125749	0.0359281437125748	0.359281437125749	1
2022/08/12 09:48:00	0	0	0	0	0	0	1
2022/08/12 09:48:01	0	0	0	0	0	0	1
2022/08/12 09:48:02	1	1	60	17.9640718562874	0.0179640718562874	0.179640718562874	1
2022/08/12 09:48:03	0	0	0	0	0	0	1
2022/08/12 09:48:04	0	0	0	0	0	0	1
2022/08/12 09:48:05	1	1	60	17.9640718562874	0.0179640718562874	0.179640718562874	1
2022/08/12 09:48:06	1	1	60	17.9640718562874	0.0179640718562874	0.179640718562874	1
2022/08/12 09:48:07	0	0	0	0	0	0	1
2022/08/12 09:48:08	1	1	60	17.9640718562874	0.0179640718562874	0.179640718562874	1
2022/08/12 09:48:09	0	0	0	0	0	0	1
2022/08/12 09:48:10	0	0	0	0	0	0	1
2022/08/12 09:48:11	1	1	60	17.9640718562874	0.0179640718562874	0.179640718562874	1
2022/08/12 09:48:12	2	2	120	35.9281437125749	0.0359281437125748	0.359281437125749	1
2022/08/12 09:48:13	0	0	0	0	0	0	1
2022/08/12 09:48:14	2	2	120	35.9281437125749	0.0359281437125748	0.359281437125749	1
2022/08/12 09:48:15	1	1	60	17.9640718562874	0.0179640718562874	0.179640718562874	1
2022/08/12 09:48:16	0	0	0	0	0	0	1
2022/08/12 09:48:17	0	0	0	0	0	0	1
2022/08/12 09:48:18	1	1	60	17.9640718562874	0.0179640718562874	0.179640718562874	1
2022/08/12 09:48:19	0	0	0	0	0	0	1
2022/08/12 09:48:20	0	0	0	0	0	0	1
2022/08/12 09:48:21	0	0	0	0	0	0	1
2022/08/12 09:48:22	0	0	0	0	0	0	1
2022/08/12 09:48:23	2	2	120	35.9281437125749	0.0359281437125748	0.359281437125749	1
2022/08/12 09:48:24	0	0	0	0	0	0	1
2022/08/12 09:48:25	1	1	60	17.9640718562874	0.0179640718562874	0.179640718562874	1
2022/08/12 09:48:26	1	1	60	17.9640718562874	0.0179640718562874	0.179640718562874	1
2022/08/12 09:48:27	2	2	120	35.9281437125749	0.0359281437125748	0.359281437125749	1
2022/08/12 09:48:28	1	1	60	17.9640718562874	0.0179640718562874	0.179640718562874	1
2022/08/12 09:48:29	0	0	0	0	0	0	1
2022/08/12 09:48:30	1	1	60	17.9640718562874	0.0179640718562874	0.179640718562874	1
2022/08/12 09:48:31	0	0	0	0	0	0	1
2022/08/12 09:48:32	0	0	0	0	0	0	1
2022/08/12 09:48:33	2	2	120	35.9281437125749	0.0359281437125748	0.359281437125749	1
2022/08/12 09:48:34	1	1	60	17.9640718562874	0.0179640718562874	0.179640718562874	1
2022/08/12 09:48:35	2	2	120	35.9281437125749	0.0359281437125748	0.359281437125749	1
2022/08/12 09:48:36	1	1	60	17.9640718562874	0.0179640718562874	0.179640718562874	1
2022/08/12 09:48:37	1	1	60	17.9640718562874	0.0179640718562874	0.179640718562874	1
2022/08/12 09:48:38	1	1	60	17.9640718562874	0.0179640718562874	0.179640718562874	1
2022/08/12 09:48:39	1	1	60	17.9640718562874	0.0179640718562874	0.179640718562874	1
2022/08/12 09:48:40	0	0	0	0	0	0	1
2022/08/12 09:48:41	0	0	0	0	0	0	1
2022/08/12 09:48:42	0	0	0	0	0	0	1
2022/08/12 09:48:43	1	1	60	17.9640718562874	0.0179640718562874	0.179640718562874	1
2022/08/12 09:48:44	2	2	120	35.9281437125749	0.0359281437125748	0.359281437125749	1
2022/08/12 09:48:45	0	0	0	0	0	0	1
2022/08/12 09:48:46	1	1	60	17.9640718562874	0.0179640718562874	0.179640718562874	1
2022/08/12 09:48:47	4	4	240	71.8562874251497	0.0718562874251497	0.718562874251497	1
2022/08/12 09:48:48	0	0	0	0	0	0	1
2022/08/12 09:48:49	1	1	60	17.9640718562874	0.0179640718562874	0.179640718562874	1
2022/08/12 09:48:50	0	0	0	0	0	0	1
2022/08/12 09:48:51	1	1	60	17.9640718562874	0.0179640718562874	0.179640718562874	1
2022/08/12 09:48:52	1	1	60	17.9640718562874	0.0179640718562874	0.179640718562874	1
2022/08/12 09:48:53	1	1	60	17.9640718562874	0.0179640718562874	0.179640718562874	1
2022/08/12 09:48:54	1	1	60	17.9640718562874	0.0179640718562874	0.179640718562874	1
2022/08/12 09:48:55	0	0	0	0	0	0	1
2022/08/12 09:48:56	1	1	60	17.9640718562874	0.0179640718562874	0.179640718562874	1
2022/08/12 09:48:57	0	0	0	0	0	0	1
2022/08/12 09:48:58	2	2	120	35.9281437125749	0.0359281437125748	0.359281437125749	1
2022/08/12 09:48:59	1	1	60	17.9640718562874	0.0179640718562874	0.179640718562874	1
2022/08/12 09:49:00	1	1	60	17.9640718562874	0.0179640718562874	0.179640718562874	1
2022/08/12 09:49:01	0	0	0	0	0	0	1
2022/08/12 09:49:02	0	0	0	0	0	0	1
2022/08/12 09:49:03	3	3	180	53.8922155688623	0.0538922155688623	0.538922155688623	1
2022/08/12 09:49:04	2	2	120	35.9281437125749	0.0359281437125748	0.359281437125749	1
2022/08/12 09:49:05	0	0	0	0	0	0	1
2022/08/12 09:49:06	1	1	60	17.9640718562874	0.0179640718562874	0.179640718562874	1
2022/08/12 09:49:07	0	0	0	0	0	0	1
2022/08/12 09:49:08	1	1	60	17.9640718562874	0.0179640718562874	0.179640718562874	1
2022/08/12 09:49:09	0	0	0	0	0	0	1
2022/08/12 09:49:10	0	0	0	0	0	0	1
2022/08/12 09:49:11	3	3	180	53.8922155688623	0.0538922155688623	0.538922155688623	1
2022/08/12 09:49:12	0	0	0	0	0	0	1
2022/08/12 09:49:13	0	0	0	0	0	0	1
2022/08/12 09:49:14	0	0	0	0	0	0	1
2022/08/12 09:49:15	1	1	60	17.9640718562874	0.0179640718562874	0.179640718562874	1
2022/08/12 09:49:16	0	0	0	0	0	0	1
2022/08/12 09:49:17	1	1	60	17.9640718562874	0.0179640718562874	0.179640718562874	1
2022/08/12 09:49:18	0	0	0	0	0	0	1
2022/08/12 09:49:19	1	1	60	17.9640718562874	0.0179640718562874	0.179640718562874	1
2022/08/12 09:49:20	2	2	120	35.9281437125749	0.0359281437125748	0.359281437125749	1
2022/08/12 09:49:21	1	1	60	17.9640718562874	0.0179640718562874	0.179640718562874	1
2022/08/12 09:49:22	3	3	180	53.8922155688623	0.0538922155688623	0.538922155688623	1
2022/08/12 09:49:23	0	0	0	0	0	0	1
2022/08/12 09:49:24	0	0	0	0	0	0	1
2022/08/12 09:49:25	0	0	0	0	0	0	1
2022/08/12 09:49:26	1	1	60	17.9640718562874	0.0179640718562874	0.179640718562874	1
2022/08/12 09:49:27	0	0	0	0	0	0	1
2022/08/12 09:49:28	2	2	120	35.9281437125749	0.0359281437125748	0.359281437125749	1
2022/08/12 09:49:29	0	0	0	0	0	0	1
2022/08/12 09:49:30	1	1	60	17.9640718562874	0.0179640718562874	0.179640718562874	1
2022/08/12 09:49:31	2	2	120	35.9281437125749	0.0359281437125748	0.359281437125749	1
2022/08/12 09:49:32	0	0	0	0	0	0	1
2022/08/12 09:49:33	0	0	0	0	0	0	1
2022/08/12 09:49:34	1	1	60	17.9640718562874	0.0179640718562874	0.179640718562874	1
2022/08/12 09:49:35	0	0	0	0	0	0	1
2022/08/12 09:49:36	0	0	0	0	0	0	1
2022/08/12 09:49:37	0	0	0	0	0	0	1
2022/08/12 09:49:38	0	0	0	0	0	0	1
2022/08/12 09:49:39	0	0	0	0	0	0	1
2022/08/12 09:49:40	0	0	0	0	0	0	1
2022/08/12 09:49:41	3	3	180	53.8922155688623	0.0538922155688623	0.538922155688623	1
2022/08/12 09:49:42	0	0	0	0	0	0	1
2022/08/12 09:49:43	1	1	60	17.9640718562874	0.0179640718562874	0.179640718562874	1
2022/08/12 09:49:44	1	1	60	17.9640718562874	0.0179640718562874	0.179640718562874	1
2022/08/12 09:49:45	0	0	0	0	0	0	1
2022/08/12 09:49:46	1	1	60	17.9640718562874	0.0179640718562874	0.179640718562874	1
2022/08/12 09:49:47	0	0	0	0	0	0	1
2022/08/12 09:49:48	1	1	60	17.9640718562874	0.0179640718562874	0.179640718562874	1
2022/08/12 09:49:49	1	1	60	17.9640718562874	0.0179640718562874	0.179640718562874	1
2022/08/12 09:49:50	0	0	0	0	0	0	1
2022/08/12 09:49:51	0	0	0	0	0	0	1
2022/08/12 09:49:52	1	1	60	17.9640718562874	0.0179640718562874	0.179640718562874	1
2022/08/12 09:49:53	1	1	60	17.9640718562874	0.0179640718562874	0.179640718562874	1
2022/08/12 09:49:54	0	0	0	0	0	0	1
2022/08/12 09:49:55	0	0	0	0	0	0	1
2022/08/12 09:49:56	1	1	60	17.9640718562874	0.0179640718562874	0.179640718562874	1
2022/08/12 09:49:57	1	1	60	17.9640718562874	0.0179640718562874	0.179640718562874	1
2022/08/12 09:49:58	0	0	0	0	0	0	1
2022/08/12 09:49:59	0	0	0	0	0	0	1
2022/08/12 09:50:00	2	2	120	35.9281437125749	0.0359281437125748	0.359281437125749	1
2022/08/12 09:50:01	1	1	60	17.9640718562874	0.0179640718562874	0.179640718562874	1
2022/08/12 09:50:02	0	0	0	0	0	0	1
2022/08/12 09:50:03	0	0	0	0	0	0	1
2022/08/12 09:50:04	1	1	60	17.9640718562874	0.0179640718562874	0.179640718562874	1
2022/08/12 09:50:05	2	2	120	35.9281437125749	0.0359281437125748	0.359281437125749	1
2022/08/12 09:50:06	1	1	60	17.9640718562874	0.0179640718562874	0.179640718562874	1
2022/08/12 09:50:07	1	1	60	17.9640718562874	0.0179640718562874	0.179640718562874	1
2022/08/12 09:50:08	0	0	0	0	0	0	1
2022/08/12 09:50:09	0	0	0	0	0	0	1
2022/08/12 09:50:10	1	1	60	17.9640718562874	0.0179640718562874	0.179640718562874	1
2022/08/12 09:50:11	1	1	60	17.9640718562874	0.0179640718562874	0.179640718562874	1
2022/08/12 09:50:12	0	0	0	0	0	0	1
2022/08/12 09:50:13	1	1	60	17.9640718562874	0.0179640718562874	0.179640718562874	1
2022/08/12 09:50:14	0	0	0	0	0	0	1
2022/08/12 09:50:15	2	2	120	35.9281437125749	0.0359281437125748	0.359281437125749	1
2022/08/12 09:50:16	0	0	0	0	0	0	1
2022/08/12 09:50:17	0	0	0	0	0	0	1
2022/08/12 09:50:18	1	1	60	17.9640718562874	0.0179640718562874	0.179640718562874	1
2022/08/12 09:50:19	0	0	0	0	0	0	1
2022/08/12 09:50:20	1	1	60	17.9640718562874	0.0179640718562874	0.179640718562874	1
2022/08/12 09:50:21	0	0	0	0	0	0	1
2022/08/12 09:50:22	0	0	0	0	0	0	1
2022/08/12 09:50:23	2	2	120	35.9281437125749	0.0359281437125748	0.359281437125749	1
2022/08/12 09:50:24	1	1	60	17.9640718562874	0.0179640718562874	0.179640718562874	1
2022/08/12 09:50:25	0	0	0	0	0	0	1
2022/08/12 09:50:26	0	0	0	0	0	0	1
2022/08/12 09:50:27	0	0	0	0	0	0	1
2022/08/12 09:50:28	0	0	0	0	0	0	1
2022/08/12 09:50:29	0	0	0	0	0	0	1
2022/08/12 09:50:30	2	2	120	35.9281437125749	0.0359281437125748	0.359281437125749	1
2022/08/12 09:50:31	1	1	60	17.9640718562874	0.0179640718562874	0.179640718562874	1
2022/08/12 09:50:32	2	2	120	35.9281437125749	0.0359281437125748	0.359281437125749	1
2022/08/12 09:50:33	1	1	60	17.9640718562874	0.0179640718562874	0.179640718562874	1
2022/08/12 09:50:34	0	0	0	0	0	0	1
2022/08/12 09:50:35	2	2	120	35.9281437125749	0.0359281437125748	0.359281437125749	1
2022/08/12 09:50:36	0	0	0	0	0	0	1
2022/08/12 09:50:37	0	0	0	0	0	0	1
2022/08/12 09:50:38	1	1	60	17.9640718562874	0.0179640718562874	0.179640718562874	1
2022/08/12 09:50:39	0	0	0	0	0	0	1
2022/08/12 09:50:40	1	1	60	17.9640718562874	0.0179640718562874	0.179640718562874	1
2022/08/12 09:50:41	0	0	0	0	0	0	1
2022/08/12 09:50:42	1	1	60	17.9640718562874	0.0179640718562874	0.179640718562874	1
2022/08/12 09:50:43	1	1	60	17.9640718562874	0.0179640718562874	0.179640718562874	1
2022/08/12 09:50:44	0	0	0	0	0	0	1
2022/08/12 09:50:45	1	1	60	17.9640718562874	0.0179640718562874	0.179640718562874	1
2022/08/12 09:50:46	1	1	60	17.9640718562874	0.0179640718562874	0.179640718562874	1
2022/08/12 09:50:47	0	0	0	0	0	0	1
2022/08/12 09:50:48	0	0	0	0	0	0	1
2022/08/12 09:50:49	1	1	60	17.9640718562874	0.0179640718562874	0.179640718562874	1
2022/08/12 09:50:50	1	1	60	17.9640718562874	0.0179640718562874	0.179640718562874	1
2022/08/12 09:50:51	4	4	240	71.8562874251497	0.0718562874251497	0.718562874251497	1
2022/08/12 09:50:52	0	0	0	0	0	0	1
2022/08/12 09:50:53	1	1	60	17.9640718562874	0.0179640718562874	0.179640718562874	1
2022/08/12 09:50:54	1	1	60	17.9640718562874	0.0179640718562874	0.179640718562874	1
2022/08/12 09:50:55	1	1	60	17.9640718562874	0.0179640718562874	0.179640718562874	1
2022/08/12 09:50:56	1	1	60	17.9640718562874	0.0179640718562874	0.179640718562874	1
2022/08/12 09:50:57	2	2	120	35.9281437125749	0.0359281437125748	0.359281437125749	1
2022/08/12 09:50:58	1	1	60	17.9640718562874	0.0179640718562874	0.179640718562874	1
2022/08/12 09:50:59	2	2	120	35.9281437125749	0.0359281437125748	0.359281437125749	1
2022/08/12 09:51:00	0	0	0	0	0	0	1
2022/08/12 09:51:01	0	0	0	0	0	0	1
2022/08/12 09:51:02	0	0	0	0	0	0	1
2022/08/12 09:51:03	2	2	120	35.9281437125749	0.0359281437125748	0.359281437125749	1
2022/08/12 09:51:04	2	2	120	35.9281437125749	0.0359281437125748	0.359281437125749	1
2022/08/12 09:51:05	0	0	0	0	0	0	1
2022/08/12 09:51:06	2	2	120	35.9281437125749	0.0359281437125748	0.359281437125749	1
2022/08/12 09:51:07	1	1	60	17.9640718562874	0.0179640718562874	0.179640718562874	1
2022/08/12 09:51:08	1	1	60	17.9640718562874	0.0179640718562874	0.179640718562874	1
2022/08/12 09:51:09	0	0	0	0	0	0	1
2022/08/12 09:51:10	0	0	0	0	0	0	1
2022/08/12 09:51:11	0	0	0	0	0	0	1
2022/08/12 09:51:12	1	1	60	17.9640718562874	0.0179640718562874	0.179640718562874	1
2022/08/12 09:51:13	1	1	60	17.9640718562874	0.0179640718562874	0.179640718562874	1
2022/08/12 09:51:14	0	0	0	0	0	0	1
2022/08/12 09:51:15	0	0	0	0	0	0	1
2022/08/12 09:51:16	1	1	60	17.9640718562874	0.0179640718562874	0.179640718562874	1
2022/08/12 09:51:17	0	0	0	0	0	0	1
2022/08/12 09:51:18	2	2	120	35.9281437125749	0.0359281437125748	0.359281437125749	1
2022/08/12 09:51:19	0	0	0	0	0	0	1
2022/08/12 09:51:20	0	0	0	0	0	0	1
2022/08/12 09:51:21	0	0	0	0	0	0	1
2022/08/12 09:51:22	2	2	120	35.9281437125749	0.0359281437125748	0.359281437125749	1
2022/08/12 09:51:23	2	2	120	35.9281437125749	0.0359281437125748	0.359281437125749	1
2022/08/12 09:51:24	2	2	120	35.9281437125749	0.0359281437125748	0.359281437125749	1
2022/08/12 09:51:25	1	1	60	17.9640718562874	0.0179640718562874	0.179640718562874	1
