Date/Time	counts (1 sec)	cps	cpm	µR/h	mR/h	µSv/h	Averaging Time (sec)
2022/08/19 11.31.59	1	0	0	0	0	0	1
2022/08/19 11.32.00	3	0	0	0	0	0	1
2022/08/19 11.32.01	1	0	0	0	0	0	1
2022/08/19 11.32.02	2	0	0	0	0	0	1
2022/08/19 11.32.03	0	0	0	0	0	0	1
2022/08/19 11.32.04	0	0	0	0	0	0	1
2022/08/19 11.32.05	2	0	0	0	0	0	1
2022/08/19 11.32.06	0	0	0	0	0	0	1
2022/08/19 11.32.07	0	0	0	0	0	0	1
2022/08/19 11.32.08	1	0	0	0	0	0	1
2022/08/19 11.32.09	0	0	0	0	0	0	1
2022/08/19 11.32.10	1	0	0	0	0	0	1
2022/08/19 11.32.11	2	0	0	0	0	0	1
2022/08/19 11.32.12	1	0	0	0	0	0	1
2022/08/19 11.32.13	0	0	0	0	0	0	1
2022/08/19 11.32.14	0	0	0	0	0	0	1
2022/08/19 11.32.15	0	0	0	0	0	0	1
2022/08/19 11.32.16	0	0	0	0	0	0	1
2022/08/19 11.32.17	1	0	0	0	0	0	1
2022/08/19 11.32.18	1	0	0	0	0	0	1
2022/08/19 11.32.19	1	0	0	0	0	0	1
2022/08/19 11.32.20	1	0	0	0	0	0	1
2022/08/19 11.32.21	1	0	0	0	0	0	1
2022/08/19 11.32.22	1	0	0	0	0	0	1
2022/08/19 11.32.23	0	0	0	0	0	0	1
2022/08/19 11.32.24	1	0	0	0	0	0	1
2022/08/19 11.32.25	0	0	0	0	0	0	1
2022/08/19 11.32.26	1	0	0	0	0	0	1
2022/08/19 11.32.27	0	0	0	0	0	0	1
2022/08/19 11.32.28	0	0	0	0	0	0	1
2022/08/19 11.32.29	0	0	0	0	0	0	1
2022/08/19 11.32.30	1	0	0	0	0	0	1
2022/08/19 11.32.31	0	0	0	0	0	0	1
2022/08/19 11.32.32	1	0	0	0	0	0	1
2022/08/19 11.32.33	0	0	0	0	0	0	1
2022/08/19 11.32.34	0	0	0	0	0	0	1
2022/08/19 11.32.35	1	0	0	0	0	0	1
2022/08/19 11.32.36	1	0	0	0	0	0	1
2022/08/19 11.32.37	2	0	0	0	0	0	1
2022/08/19 11.32.38	0	0	0	0	0	0	1
2022/08/19 11.32.39	1	0	0	0	0	0	1
2022/08/19 11.32.40	3	0	0	0	0	0	1
2022/08/19 11.32.41	1	0	0	0	0	0	1
2022/08/19 11.32.42	1	0	0	0	0	0	1
2022/08/19 11.32.43	0	0	0	0	0	0	1
2022/08/19 11.32.44	1	0	0	0	0	0	1
2022/08/19 11.32.45	0	0	0	0	0	0	1
2022/08/19 11.32.46	0	0	0	0	0	0	1
2022/08/19 11.32.47	2	0	0	0	0	0	1
2022/08/19 11.32.48	1	0	0	0	0	0	1
2022/08/19 11.32.49	0	0	0	0	0	0	1
2022/08/19 11.32.50	0	0	0	0	0	0	1
2022/08/19 11.32.51	1	0	0	0	0	0	1
2022/08/19 11.32.52	0	0	0	0	0	0	1
2022/08/19 11.32.53	1	0	0	0	0	0	1
2022/08/19 11.32.54	0	0	0	0	0	0	1
2022/08/19 11.32.55	0	0	0	0	0	0	1
2022/08/19 11.32.56	0	0	0	0	0	0	1
2022/08/19 11.32.57	0	0	0	0	0	0	1
2022/08/19 11.32.58	1	0	0	0	0	0	1
2022/08/19 11.32.59	1	0	0	0	0	0	1
2022/08/19 11.33.00	0	0	0	0	0	0	1
2022/08/19 11.33.01	1	0	0	0	0	0	1
2022/08/19 11.33.02	0	0	0	0	0	0	1
2022/08/19 11.33.03	0	0	0	0	0	0	1
2022/08/19 11.33.04	0	0	0	0	0	0	1
2022/08/19 11.33.05	1	0	0	0	0	0	1
2022/08/19 11.33.06	0	0	0	0	0	0	1
2022/08/19 11.33.07	0	0	0	0	0	0	1
2022/08/19 11.33.08	2	0	0	0	0	0	1
2022/08/19 11.33.09	1	0	0	0	0	0	1
2022/08/19 11.33.10	1	0	0	0	0	0	1
2022/08/19 11.33.11	0	0	0	0	0	0	1
2022/08/19 11.33.12	0	0	0	0	0	0	1
2022/08/19 11.33.13	0	0	0	0	0	0	1
2022/08/19 11.33.14	0	0	0	0	0	0	1
2022/08/19 11.33.15	0	0	0	0	0	0	1
2022/08/19 11.33.16	0	0	0	0	0	0	1
2022/08/19 11.33.17	1	0	0	0	0	0	1
2022/08/19 11.33.18	0	0	0	0	0	0	1
2022/08/19 11.33.19	1	0	0	0	0	0	1
2022/08/19 11.33.20	1	0	0	0	0	0	1
2022/08/19 11.33.21	2	0	0	0	0	0	1
2022/08/19 11.33.22	2	0	0	0	0	0	1
2022/08/19 11.33.23	0	0	0	0	0	0	1
2022/08/19 11.33.24	0	0	0	0	0	0	1
2022/08/19 11.33.25	0	0	0	0	0	0	1
2022/08/19 11.33.26	0	0	0	0	0	0	1
2022/08/19 11.33.27	0	0	0	0	0	0	1
2022/08/19 11.33.28	0	0	0	0	0	0	1
2022/08/19 11.33.29	0	0	0	0	0	0	1
2022/08/19 11.33.30	0	0	0	0	0	0	1
2022/08/19 11.33.31	0	0	0	0	0	0	1
2022/08/19 11.33.32	0	0	0	0	0	0	1
2022/08/19 11.33.33	1	0	0	0	0	0	1
2022/08/19 11.33.34	0	0	0	0	0	0	1
2022/08/19 11.33.35	1	0	0	0	0	0	1
2022/08/19 11.33.36	1	0	0	0	0	0	1
2022/08/19 11.33.37	0	0	0	0	0	0	1
2022/08/19 11.33.38	1	0	0	0	0	0	1
2022/08/19 11.33.39	0	0	0	0	0	0	1
2022/08/19 11.33.40	0	0	0	0	0	0	1
2022/08/19 11.33.41	0	0	0	0	0	0	1
2022/08/19 11.33.42	0	0	0	0	0	0	0
2022/08/19 11.33.43	0	0	0	0	0	0	0
2022/08/19 11.33.44	0	0	0	0	0	0	0
2022/08/19 11.33.45	0	0	0	0	0	0	0
2022/08/19 11.33.46	0	0	0	0	0	0	0
2022/08/19 11.33.47	0	0	0	0	0	0	0
2022/08/19 11.33.48	0	0	0	0	0	0	0
2022/08/19 11.33.49	0	0	0	0	0	0	0
2022/08/19 11.33.50	0	0	0	0	0	0	0
2022/08/19 11.33.51	0	0	0	0	0	0	0
2022/08/19 11.33.52	0	0	0	0	0	0	0
2022/08/19 11.33.53	0	0	0	0	0	0	0
2022/08/19 11.33.54	0	0	0	0	0	0	0
2022/08/19 11.33.55	0	0	0	0	0	0	0
2022/08/19 11.33.56	0	0	0	0	0	0	0
2022/08/19 11.33.57	0	0	0	0	0	0	0
2022/08/19 11.33.58	0	0	0	0	0	0	0
2022/08/19 11.33.59	0	0	0	0	0	0	0
2022/08/19 11.34.00	0	0	0	0	0	0	0
2022/08/19 11.34.01	0	0	0	0	0	0	0
2022/08/19 11.34.02	0	0	0	0	0	0	0
2022/08/19 11.34.03	0	0	0	0	0	0	0
2022/08/19 11.34.04	0	0	0	0	0	0	0
2022/08/19 11.34.05	0	0	0	0	0	0	0
2022/08/19 11.34.06	0	0	0	0	0	0	0
2022/08/19 11.34.09	0	0	0	0	0	0	0
2022/08/19 11.34.10	0	0	0	0	0	0	0
2022/08/19 11.34.11	0	0	0	0	0	0	0
2022/08/19 11.34.12	0	0	0	0	0	0	0
2022/08/19 11.34.13	0	0	0	0	0	0	0
2022/08/19 11.34.14	0	0	0	0	0	0	0
2022/08/19 11.34.15	0	0	0	0	0	0	0
2022/08/19 11.34.16	0	0	0	0	0	0	0
2022/08/19 11.34.17	0	0	0	0	0	0	0
2022/08/19 11.34.18	0	0	0	0	0	0	0
2022/08/19 11.34.19	0	0	0	0	0	0	0
2022/08/19 11.34.20	0	0	0	0	0	0	0
2022/08/19 11.34.21	0	0	0	0	0	0	0
2022/08/19 11.34.22	0	0	0	0	0	0	0
2022/08/19 11.34.23	0	0	0	0	0	0	0
2022/08/19 11.34.24	0	0	0	0	0	0	0
2022/08/19 11.34.25	0	0	0	0	0	0	0
2022/08/19 11.34.26	0	0	0	0	0	0	0
2022/08/19 11.34.27	0	1	60	17,9640718562874	0,0179640718562874	0,179640718562874	0
2022/08/19 11.34.28	0	3	180	53,8922155688623	0,0538922155688623	0,538922155688623	0
2022/08/19 11.34.29	0	1	60	17,9640718562874	0,0179640718562874	0,179640718562874	0
2022/08/19 11.34.30	0	2	120	35,9281437125749	0,0359281437125748	0,359281437125749	0
2022/08/19 11.34.31	0	0	0	0	0	0	0
2022/08/19 11.34.32	0	0	0	0	0	0	0
2022/08/19 11.34.33	0	2	120	35,9281437125749	0,0359281437125748	0,359281437125749	0
2022/08/19 11.34.34	0	0	0	0	0	0	0
2022/08/19 11.34.35	0	0	0	0	0	0	0
2022/08/19 11.34.36	0	1	60	17,9640718562874	0,0179640718562874	0,179640718562874	0
2022/08/19 11.34.37	0	0	0	0	0	0	0
2022/08/19 11.34.38	0	1	60	17,9640718562874	0,0179640718562874	0,179640718562874	0
2022/08/19 11.34.39	0	2	120	35,9281437125749	0,0359281437125748	0,359281437125749	0
2022/08/19 11.34.40	0	1	60	17,9640718562874	0,0179640718562874	0,179640718562874	0
2022/08/19 11.34.41	0	0	0	0	0	0	0
2022/08/19 11.34.42	0	0	0	0	0	0	0
2022/08/19 11.34.43	0	0	0	0	0	0	0
2022/08/19 11.34.44	0	0	0	0	0	0	0
2022/08/19 11.34.45	0	1	60	17,9640718562874	0,0179640718562874	0,179640718562874	0
2022/08/19 11.34.46	0	1	60	17,9640718562874	0,0179640718562874	0,179640718562874	0
2022/08/19 11.34.47	0	1	60	17,9640718562874	0,0179640718562874	0,179640718562874	0
2022/08/19 11.34.48	0	1	60	17,9640718562874	0,0179640718562874	0,179640718562874	0
2022/08/19 11.34.49	0	1	60	17,9640718562874	0,0179640718562874	0,179640718562874	0
2022/08/19 11.34.50	0	1	60	17,9640718562874	0,0179640718562874	0,179640718562874	0
2022/08/19 11.34.51	0	0	0	0	0	0	0
2022/08/19 11.34.52	0	1	60	17,9640718562874	0,0179640718562874	0,179640718562874	0
2022/08/19 11.34.53	0	0	0	0	0	0	0
2022/08/19 11.34.54	0	1	60	17,9640718562874	0,0179640718562874	0,179640718562874	0
2022/08/19 11.34.55	0	0	0	0	0	0	0
2022/08/19 11.34.56	0	0	0	0	0	0	0
2022/08/19 11.34.57	0	0	0	0	0	0	0
2022/08/19 11.34.58	0	1	60	17,9640718562874	0,0179640718562874	0,179640718562874	0
2022/08/19 11.34.59	0	0	0	0	0	0	0
2022/08/19 11.35.00	0	1	60	17,9640718562874	0,0179640718562874	0,179640718562874	0
2022/08/19 11.35.01	0	0	0	0	0	0	0
2022/08/19 11.35.02	0	0	0	0	0	0	0
2022/08/19 11.35.03	0	1	60	17,9640718562874	0,0179640718562874	0,179640718562874	0
2022/08/19 11.35.04	0	1	60	17,9640718562874	0,0179640718562874	0,179640718562874	0
2022/08/19 11.35.05	0	2	120	35,9281437125749	0,0359281437125748	0,359281437125749	0
2022/08/19 11.35.06	0	0	0	0	0	0	0
2022/08/19 11.35.07	0	1	60	17,9640718562874	0,0179640718562874	0,179640718562874	0
2022/08/19 11.35.08	0	3	180	53,8922155688623	0,0538922155688623	0,538922155688623	0
2022/08/19 11.35.09	0	1	60	17,9640718562874	0,0179640718562874	0,179640718562874	0
2022/08/19 11.35.10	0	1	60	17,9640718562874	0,0179640718562874	0,179640718562874	0
2022/08/19 11.35.11	0	0	0	0	0	0	0
2022/08/19 11.35.12	0	1	60	17,9640718562874	0,0179640718562874	0,179640718562874	0
2022/08/19 11.35.13	0	0	0	0	0	0	0
2022/08/19 11.35.14	0	0	0	0	0	0	0
2022/08/19 11.35.15	0	2	120	35,9281437125749	0,0359281437125748	0,359281437125749	0
2022/08/19 11.35.16	0	1	60	17,9640718562874	0,0179640718562874	0,179640718562874	0
2022/08/19 11.35.17	0	0	0	0	0	0	0
2022/08/19 11.35.18	0	0	0	0	0	0	0
2022/08/19 11.35.19	0	1	60	17,9640718562874	0,0179640718562874	0,179640718562874	0
2022/08/19 11.35.20	0	0	0	0	0	0	0
2022/08/19 11.35.21	0	1	60	17,9640718562874	0,0179640718562874	0,179640718562874	0
2022/08/19 11.35.22	0	0	0	0	0	0	0
2022/08/19 11.35.23	0	0	0	0	0	0	0
2022/08/19 11.35.24	0	0	0	0	0	0	0
2022/08/19 11.35.25	0	0	0	0	0	0	0
2022/08/19 11.35.26	0	1	60	17,9640718562874	0,0179640718562874	0,179640718562874	0
2022/08/19 11.35.27	0	1	60	17,9640718562874	0,0179640718562874	0,179640718562874	0
2022/08/19 11.35.28	0	0	0	0	0	0	0
2022/08/19 11.35.29	0	1	60	17,9640718562874	0,0179640718562874	0,179640718562874	0
2022/08/19 11.35.30	0	0	0	0	0	0	0
2022/08/19 11.35.31	0	0	0	0	0	0	0
2022/08/19 11.35.32	0	0	0	0	0	0	0
2022/08/19 11.35.33	0	1	60	17,9640718562874	0,0179640718562874	0,179640718562874	0
2022/08/19 11.35.34	0	0	0	0	0	0	0
2022/08/19 11.35.35	0	0	0	0	0	0	0
2022/08/19 11.35.36	0	2	120	35,9281437125749	0,0359281437125748	0,359281437125749	0
2022/08/19 11.35.37	0	1	60	17,9640718562874	0,0179640718562874	0,179640718562874	0
2022/08/19 11.35.38	0	1	60	17,9640718562874	0,0179640718562874	0,179640718562874	0
2022/08/19 11.35.39	0	0	0	0	0	0	0
2022/08/19 11.35.40	0	0	0	0	0	0	0
2022/08/19 11.35.41	0	0	0	0	0	0	0
2022/08/19 11.35.42	0	0	0	0	0	0	0
2022/08/19 11.35.43	0	0	0	0	0	0	0
2022/08/19 11.35.44	0	0	0	0	0	0	0
2022/08/19 11.35.45	0	1	60	17,9640718562874	0,0179640718562874	0,179640718562874	0
2022/08/19 11.35.46	0	0	0	0	0	0	0
2022/08/19 11.35.47	0	1	60	17,9640718562874	0,0179640718562874	0,179640718562874	0
2022/08/19 11.35.48	0	1	60	17,9640718562874	0,0179640718562874	0,179640718562874	0
2022/08/19 11.35.49	0	2	120	35,9281437125749	0,0359281437125748	0,359281437125749	0
2022/08/19 11.35.50	0	2	120	35,9281437125749	0,0359281437125748	0,359281437125749	0
2022/08/19 11.35.51	0	0	0	0	0	0	0
2022/08/19 11.35.52	0	0	0	0	0	0	0
2022/08/19 11.35.53	0	0	0	0	0	0	0
2022/08/19 11.35.54	0	0	0	0	0	0	0
2022/08/19 11.35.55	0	0	0	0	0	0	0
2022/08/19 11.35.56	0	0	0	0	0	0	0
2022/08/19 11.35.57	0	0	0	0	0	0	0
2022/08/19 11.35.58	0	0	0	0	0	0	0
2022/08/19 11.35.59	0	0	0	0	0	0	0
2022/08/19 11.36.00	0	0	0	0	0	0	0
2022/08/19 11.36.01	0	1	60	17,9640718562874	0,0179640718562874	0,179640718562874	0
2022/08/19 11.36.02	0	0	0	0	0	0	0
2022/08/19 11.36.03	0	1	60	17,9640718562874	0,0179640718562874	0,179640718562874	0
2022/08/19 11.36.04	0	1	60	17,9640718562874	0,0179640718562874	0,179640718562874	0
2022/08/19 11.36.05	0	0	0	0	0	0	0
2022/08/19 11.36.06	0	1	60	17,9640718562874	0,0179640718562874	0,179640718562874	0
2022/08/19 11.36.07	0	0	0	0	0	0	0
2022/08/19 11.36.08	0	0	0	0	0	0	0
2022/08/19 11.36.09	0	0	0	0	0	0	0
