Date/Time	counts (1 sec)	cps	cpm	µR/h	mR/h	µSv/h	Averaging Time (sec)
2022/08/19 13.50.39	1	1	60	17,9640718562874	0,0179640718562874	0,179640718562874	1
2022/08/19 13.50.40	0	0	0	0	0	0	1
2022/08/19 13.50.41	0	0	0	0	0	0	1
2022/08/19 13.50.42	2	2	120	35,9281437125749	0,0359281437125748	0,359281437125749	1
2022/08/19 13.50.44	0	0	0	0	0	0	1
2022/08/19 13.50.45	0	0	0	0	0	0	1
2022/08/19 13.50.46	2	0	0	0	0	0	1
2022/08/19 13.50.47	1	0	0	0	0	0	1
2022/08/19 13.50.48	0	0	0	0	0	0	1
2022/08/19 13.50.49	0	0	0	0	0	0	1
2022/08/19 13.50.50	0	0	0	0	0	0	1
2022/08/19 13.50.51	1	0	0	0	0	0	1
2022/08/19 13.50.52	1	0	0	0	0	0	1
2022/08/19 13.50.53	2	0	0	0	0	0	1
2022/08/19 13.50.54	0	0	0	0	0	0	1
2022/08/19 13.50.55	0	0	0	0	0	0	1
2022/08/19 13.50.56	0	0	0	0	0	0	1
2022/08/19 13.50.57	1	0	0	0	0	0	1
2022/08/19 13.50.58	0	0	0	0	0	0	1
2022/08/19 13.50.59	1	0	0	0	0	0	1
2022/08/19 13.51.00	1	0	0	0	0	0	1
2022/08/19 13.51.01	1	0	0	0	0	0	1
2022/08/19 13.51.02	0	0	0	0	0	0	1
2022/08/19 13.51.03	0	0	0	0	0	0	1
2022/08/19 13.51.04	2	0	0	0	0	0	1
2022/08/19 13.51.05	0	0	0	0	0	0	1
2022/08/19 13.51.06	1	0	0	0	0	0	1
2022/08/19 13.51.07	0	0	0	0	0	0	1
2022/08/19 13.51.08	0	0	0	0	0	0	1
2022/08/19 13.51.09	0	0	0	0	0	0	1
2022/08/19 13.51.10	3	0	0	0	0	0	1
2022/08/19 13.51.11	0	0	0	0	0	0	1
2022/08/19 13.51.12	0	0	0	0	0	0	1
2022/08/19 13.51.13	1	0	0	0	0	0	1
2022/08/19 13.51.14	1	0	0	0	0	0	1
2022/08/19 13.51.15	0	0	0	0	0	0	1
2022/08/19 13.51.16	2	0	0	0	0	0	1
2022/08/19 13.51.17	2	0	0	0	0	0	1
2022/08/19 13.51.18	2	0	0	0	0	0	1
2022/08/19 13.51.19	0	0	0	0	0	0	1
2022/08/19 13.51.20	0	0	0	0	0	0	1
2022/08/19 13.51.21	0	0	0	0	0	0	1
2022/08/19 13.51.22	0	0	0	0	0	0	1
2022/08/19 13.51.23	0	0	0	0	0	0	1
2022/08/19 13.51.24	2	0	0	0	0	0	1
2022/08/19 13.51.25	0	0	0	0	0	0	1
2022/08/19 13.51.26	1	0	0	0	0	0	1
2022/08/19 13.51.27	0	0	0	0	0	0	1
2022/08/19 13.51.28	0	0	0	0	0	0	1
2022/08/19 13.51.29	0	0	0	0	0	0	1
2022/08/19 13.51.30	1	0	0	0	0	0	1
2022/08/19 13.51.31	1	0	0	0	0	0	1
2022/08/19 13.51.32	1	0	0	0	0	0	1
2022/08/19 13.51.33	0	0	0	0	0	0	1
2022/08/19 13.51.34	0	0	0	0	0	0	1
2022/08/19 13.51.35	1	0	0	0	0	0	1
2022/08/19 13.51.36	0	0	0	0	0	0	1
2022/08/19 13.51.37	2	0	0	0	0	0	1
2022/08/19 13.51.38	1	0	0	0	0	0	1
2022/08/19 13.51.39	1	0	0	0	0	0	1
2022/08/19 13.51.40	0	0	0	0	0	0	1
2022/08/19 13.51.41	1	0	0	0	0	0	1
2022/08/19 13.51.42	0	0	0	0	0	0	1
2022/08/19 13.51.43	2	0	0	0	0	0	1
2022/08/19 13.51.44	0	0	0	0	0	0	1
2022/08/19 13.51.45	0	0	0	0	0	0	1
2022/08/19 13.51.46	0	0	0	0	0	0	0
2022/08/19 13.51.47	0	0	0	0	0	0	0
2022/08/19 13.51.48	0	0	0	0	0	0	0
2022/08/19 13.51.49	0	0	0	0	0	0	0
2022/08/19 13.51.50	0	0	0	0	0	0	0
2022/08/19 13.51.51	0	0	0	0	0	0	0
2022/08/19 13.51.52	0	0	0	0	0	0	0
2022/08/19 13.51.53	0	0	0	0	0	0	0
2022/08/19 13.51.54	0	0	0	0	0	0	0
2022/08/19 13.51.55	0	0	0	0	0	0	0
2022/08/19 13.51.56	0	0	0	0	0	0	0
2022/08/19 13.51.57	0	0	0	0	0	0	0
2022/08/19 13.51.58	0	0	0	0	0	0	0
2022/08/19 13.51.59	0	0	0	0	0	0	0
2022/08/19 13.52.00	0	0	0	0	0	0	0
2022/08/19 13.52.01	0	0	0	0	0	0	0
2022/08/19 13.52.02	0	0	0	0	0	0	0
2022/08/19 13.52.03	0	0	0	0	0	0	0
2022/08/19 13.52.04	0	0	0	0	0	0	0
2022/08/19 13.52.05	0	0	0	0	0	0	0
2022/08/19 13.52.06	0	0	0	0	0	0	0
2022/08/19 13.52.07	0	0	0	0	0	0	0
2022/08/19 13.52.08	0	0	0	0	0	0	0
2022/08/19 13.52.09	0	0	0	0	0	0	0
2022/08/19 13.52.10	0	0	0	0	0	0	0
2022/08/19 13.52.11	0	0	0	0	0	0	0
2022/08/19 13.52.12	0	0	0	0	0	0	0
2022/08/19 13.52.13	0	0	0	0	0	0	0
2022/08/19 13.52.14	0	0	0	0	0	0	0
2022/08/19 13.52.15	0	0	0	0	0	0	0
2022/08/19 13.52.16	0	0	0	0	0	0	0
2022/08/19 13.52.17	0	0	0	0	0	0	0
2022/08/19 13.52.18	0	0	0	0	0	0	0
2022/08/19 13.52.19	0	0	0	0	0	0	0
2022/08/19 13.52.20	0	0	0	0	0	0	0
2022/08/19 13.52.21	0	0	0	0	0	0	0
2022/08/19 13.52.22	0	0	0	0	0	0	0
2022/08/19 13.52.23	0	0	0	0	0	0	0
2022/08/19 13.52.24	0	0	0	0	0	0	0
2022/08/19 13.52.25	0	0	0	0	0	0	0
2022/08/19 13.52.26	0	0	0	0	0	0	0
2022/08/19 13.52.27	0	0	0	0	0	0	0
2022/08/19 13.52.28	0	0	0	0	0	0	0
2022/08/19 13.52.29	0	0	0	0	0	0	0
2022/08/19 13.52.30	0	0	0	0	0	0	0
2022/08/19 13.52.31	0	0	0	0	0	0	0
2022/08/19 13.52.32	0	0	0	0	0	0	0
2022/08/19 13.52.33	0	0	0	0	0	0	0
2022/08/19 13.52.34	0	0	0	0	0	0	0
2022/08/19 13.52.35	0	0	0	0	0	0	0
2022/08/19 13.52.36	0	0	0	0	0	0	0
2022/08/19 13.52.37	0	0	0	0	0	0	0
2022/08/19 13.52.38	0	0	0	0	0	0	0
2022/08/19 13.52.39	0	0	0	0	0	0	0
2022/08/19 13.52.40	0	0	0	0	0	0	0
2022/08/19 13.52.41	0	0	0	0	0	0	0
2022/08/19 13.52.42	0	0	0	0	0	0	0
2022/08/19 13.52.43	0	0	0	0	0	0	0
2022/08/19 13.52.44	0	0	0	0	0	0	0
2022/08/19 13.52.45	0	0	0	0	0	0	0
2022/08/19 13.52.46	0	0	0	0	0	0	0
2022/08/19 13.52.47	0	0	0	0	0	0	0
2022/08/19 13.52.48	0	0	0	0	0	0	0
2022/08/19 13.52.49	0	0	0	0	0	0	0
2022/08/19 13.52.50	0	0	0	0	0	0	0
2022/08/19 13.52.51	0	0	0	0	0	0	0
2022/08/19 13.52.52	0	0	0	0	0	0	0
2022/08/19 13.52.53	0	0	0	0	0	0	0
2022/08/19 13.52.54	0	0	0	0	0	0	0
2022/08/19 13.52.55	0	0	0	0	0	0	0
2022/08/19 13.52.56	0	0	0	0	0	0	0
2022/08/19 13.52.57	0	0	0	0	0	0	0
2022/08/19 13.52.58	0	0	0	0	0	0	0
2022/08/19 13.52.59	0	0	0	0	0	0	0
2022/08/19 13.53.00	0	0	0	0	0	0	0
2022/08/19 13.53.01	0	0	0	0	0	0	0
2022/08/19 13.53.02	0	0	0	0	0	0	0
2022/08/19 13.53.03	0	0	0	0	0	0	0
2022/08/19 13.53.04	0	0	0	0	0	0	0
2022/08/19 13.53.05	0	0	0	0	0	0	0
2022/08/19 13.53.06	0	0	0	0	0	0	0
2022/08/19 13.53.07	0	0	0	0	0	0	0
2022/08/19 13.53.08	0	0	0	0	0	0	0
2022/08/19 13.53.09	0	0	0	0	0	0	0
2022/08/19 13.53.10	0	0	0	0	0	0	0
2022/08/19 13.53.11	0	0	0	0	0	0	0
2022/08/19 13.53.12	0	0	0	0	0	0	0
2022/08/19 13.53.13	0	0	0	0	0	0	0
2022/08/19 13.53.16	0	0	0	0	0	0	0
2022/08/19 13.53.17	0	0	0	0	0	0	0
2022/08/19 13.53.18	0	0	0	0	0	0	0
2022/08/19 13.53.19	0	0	0	0	0	0	0
2022/08/19 13.53.20	0	0	0	0	0	0	0
2022/08/19 13.53.21	0	0	0	0	0	0	0
2022/08/19 13.53.22	0	0	0	0	0	0	0
2022/08/19 13.53.23	0	0	0	0	0	0	0
2022/08/19 13.53.25	0	0	0	0	0	0	0
2022/08/19 13.53.26	0	0	0	0	0	0	0
2022/08/19 13.53.27	0	2	120	35,9281437125749	0,0359281437125748	0,359281437125749	0
2022/08/19 13.53.28	0	1	60	17,9640718562874	0,0179640718562874	0,179640718562874	0
2022/08/19 13.53.29	0	0	0	0	0	0	0
2022/08/19 13.53.30	0	0	0	0	0	0	0
2022/08/19 13.53.31	0	0	0	0	0	0	0
2022/08/19 13.53.32	0	1	60	17,9640718562874	0,0179640718562874	0,179640718562874	0
2022/08/19 13.53.33	0	1	60	17,9640718562874	0,0179640718562874	0,179640718562874	0
2022/08/19 13.53.34	0	2	120	35,9281437125749	0,0359281437125748	0,359281437125749	0
2022/08/19 13.53.35	0	0	0	0	0	0	0
2022/08/19 13.53.36	0	0	0	0	0	0	0
2022/08/19 13.53.37	0	0	0	0	0	0	0
2022/08/19 13.53.38	0	1	60	17,9640718562874	0,0179640718562874	0,179640718562874	0
2022/08/19 13.53.39	0	0	0	0	0	0	0
2022/08/19 13.53.40	0	1	60	17,9640718562874	0,0179640718562874	0,179640718562874	0
2022/08/19 13.53.41	0	1	60	17,9640718562874	0,0179640718562874	0,179640718562874	0
2022/08/19 13.53.42	0	1	60	17,9640718562874	0,0179640718562874	0,179640718562874	0
2022/08/19 13.53.43	0	0	0	0	0	0	0
2022/08/19 13.53.44	0	0	0	0	0	0	0
2022/08/19 13.53.45	0	2	120	35,9281437125749	0,0359281437125748	0,359281437125749	0
2022/08/19 13.53.46	0	0	0	0	0	0	0
2022/08/19 13.53.47	0	1	60	17,9640718562874	0,0179640718562874	0,179640718562874	0
2022/08/19 13.53.48	0	0	0	0	0	0	0
2022/08/19 13.53.49	0	0	0	0	0	0	0
2022/08/19 13.53.50	0	0	0	0	0	0	0
2022/08/19 13.53.51	0	3	180	53,8922155688623	0,0538922155688623	0,538922155688623	0
2022/08/19 13.53.52	0	0	0	0	0	0	0
2022/08/19 13.53.53	0	0	0	0	0	0	0
2022/08/19 13.53.54	0	1	60	17,9640718562874	0,0179640718562874	0,179640718562874	0
2022/08/19 13.53.55	0	1	60	17,9640718562874	0,0179640718562874	0,179640718562874	0
2022/08/19 13.53.56	0	0	0	0	0	0	0
2022/08/19 13.53.57	0	2	120	35,9281437125749	0,0359281437125748	0,359281437125749	0
2022/08/19 13.53.58	0	2	120	35,9281437125749	0,0359281437125748	0,359281437125749	0
2022/08/19 13.53.59	0	2	120	35,9281437125749	0,0359281437125748	0,359281437125749	0
2022/08/19 13.54.00	0	0	0	0	0	0	0
2022/08/19 13.54.01	0	0	0	0	0	0	0
2022/08/19 13.54.02	0	0	0	0	0	0	0
2022/08/19 13.54.03	0	0	0	0	0	0	0
2022/08/19 13.54.04	0	0	0	0	0	0	0
2022/08/19 13.54.05	0	2	120	35,9281437125749	0,0359281437125748	0,359281437125749	0
2022/08/19 13.54.06	0	0	0	0	0	0	0
2022/08/19 13.54.07	0	1	60	17,9640718562874	0,0179640718562874	0,179640718562874	0
2022/08/19 13.54.08	0	0	0	0	0	0	0
2022/08/19 13.54.09	0	0	0	0	0	0	0
2022/08/19 13.54.10	0	0	0	0	0	0	0
2022/08/19 13.54.11	0	1	60	17,9640718562874	0,0179640718562874	0,179640718562874	0
2022/08/19 13.54.12	0	1	60	17,9640718562874	0,0179640718562874	0,179640718562874	0
2022/08/19 13.54.13	0	1	60	17,9640718562874	0,0179640718562874	0,179640718562874	0
2022/08/19 13.54.14	0	0	0	0	0	0	0
2022/08/19 13.54.15	0	0	0	0	0	0	0
2022/08/19 13.54.16	0	1	60	17,9640718562874	0,0179640718562874	0,179640718562874	0
2022/08/19 13.54.17	0	0	0	0	0	0	0
2022/08/19 13.54.18	0	2	120	35,9281437125749	0,0359281437125748	0,359281437125749	0
2022/08/19 13.54.19	0	1	60	17,9640718562874	0,0179640718562874	0,179640718562874	0
2022/08/19 13.54.20	0	1	60	17,9640718562874	0,0179640718562874	0,179640718562874	0
2022/08/19 13.54.21	0	0	0	0	0	0	0
2022/08/19 13.54.22	0	1	60	17,9640718562874	0,0179640718562874	0,179640718562874	0
2022/08/19 13.54.23	0	0	0	0	0	0	0
2022/08/19 13.54.24	0	2	120	35,9281437125749	0,0359281437125748	0,359281437125749	0
2022/08/19 13.54.25	0	0	0	0	0	0	0
2022/08/19 13.54.26	0	0	0	0	0	0	0
