Date/Time	counts (1 sec)	cps	cpm	µR/h	mR/h	µSv/h	Averaging Time (sec)
2022/08/19 13.22.02	0	0	0	0	0	0	1
2022/08/19 13.22.03	0	0	0	0	0	0	1
2022/08/19 13.22.04	0	0	0	0	0	0	1
2022/08/19 13.22.05	0	0	0	0	0	0	1
2022/08/19 13.22.06	0	0	0	0	0	0	1
2022/08/19 13.22.07	0	0	0	0	0	0	1
2022/08/19 13.22.08	0	0	0	0	0	0	1
2022/08/19 13.22.09	2	0	0	0	0	0	1
2022/08/19 13.22.10	0	0	0	0	0	0	1
2022/08/19 13.22.11	7	0	0	0	0	0	1
2022/08/19 13.22.12	1	0	0	0	0	0	1
2022/08/19 13.22.13	0	0	0	0	0	0	1
2022/08/19 13.22.14	0	0	0	0	0	0	1
2022/08/19 13.22.15	0	0	0	0	0	0	1
2022/08/19 13.22.16	0	0	0	0	0	0	1
2022/08/19 13.22.17	0	0	0	0	0	0	1
2022/08/19 13.22.18	0	0	0	0	0	0	1
2022/08/19 13.22.19	0	0	0	0	0	0	1
2022/08/19 13.22.20	0	0	0	0	0	0	1
2022/08/19 13.22.21	1	0	0	0	0	0	1
2022/08/19 13.22.22	0	0	0	0	0	0	1
2022/08/19 13.22.23	1	0	0	0	0	0	1
2022/08/19 13.22.24	0	0	0	0	0	0	1
2022/08/19 13.22.25	3	2	120	35,9281437125749	0,0359281437125748	0,359281437125749	1
2022/08/19 13.22.26	0	0	0	0	0	0	1
2022/08/19 13.22.27	1	7	420	125,748502994012	0,125748502994012	1,25748502994012	1
2022/08/19 13.22.28	2	1	60	17,9640718562874	0,0179640718562874	0,179640718562874	1
2022/08/19 13.22.29	5	0	0	0	0	0	1
2022/08/19 13.22.30	3	0	0	0	0	0	1
2022/08/19 13.22.31	0	0	0	0	0	0	1
2022/08/19 13.22.32	0	0	0	0	0	0	1
2022/08/19 13.22.33	3	0	0	0	0	0	1
2022/08/19 13.22.34	0	0	0	0	0	0	1
2022/08/19 13.22.35	0	0	0	0	0	0	1
2022/08/19 13.22.36	0	0	0	0	0	0	1
2022/08/19 13.22.37	4	1	60	17,9640718562874	0,0179640718562874	0,179640718562874	1
2022/08/19 13.22.39	0	0	0	0	0	0	1
2022/08/19 13.22.39	0	1	60	17,9640718562874	0,0179640718562874	0,179640718562874	1
2022/08/19 13.22.40	0	0	0	0	0	0	1
2022/08/19 13.22.42	5	3	180	53,8922155688623	0,0538922155688623	0,538922155688623	1
2022/08/19 13.22.42	4	0	0	0	0	0	1
2022/08/19 13.22.43	0	1	60	17,9640718562874	0,0179640718562874	0,179640718562874	1
2022/08/19 13.22.45	2	2	120	35,9281437125749	0,0359281437125748	0,359281437125749	1
2022/08/19 13.22.45	0	5	300	89,8203592814371	0,0898203592814371	0,898203592814371	1
2022/08/19 13.22.46	0	3	180	53,8922155688623	0,0538922155688623	0,538922155688623	1
2022/08/19 13.22.48	0	0	0	0	0	0	1
2022/08/19 13.22.48	2	0	0	0	0	0	1
2022/08/19 13.22.49	6	3	180	53,8922155688623	0,0538922155688623	0,538922155688623	1
2022/08/19 13.22.50	6	0	0	0	0	0	1
2022/08/19 13.22.51	1	0	0	0	0	0	1
2022/08/19 13.22.52	0	0	0	0	0	0	1
2022/08/19 13.22.54	2	4	240	71,8562874251497	0,0718562874251497	0,718562874251497	1
2022/08/19 13.22.54	0	0	0	0	0	0	1
2022/08/19 13.22.55	2	0	0	0	0	0	1
2022/08/19 13.22.56	0	0	0	0	0	0	1
2022/08/19 13.22.57	0	5	300	89,8203592814371	0,0898203592814371	0,898203592814371	1
2022/08/19 13.22.58	1	4	240	71,8562874251497	0,0718562874251497	0,718562874251497	1
2022/08/19 13.22.59	0	0	0	0	0	0	1
2022/08/19 13.23.00	0	2	120	35,9281437125749	0,0359281437125748	0,359281437125749	1
2022/08/19 13.23.01	0	0	0	0	0	0	1
2022/08/19 13.23.02	0	0	0	0	0	0	1
2022/08/19 13.23.03	4	0	0	0	0	0	1
2022/08/19 13.23.04	0	2	120	35,9281437125749	0,0359281437125748	0,359281437125749	1
2022/08/19 13.23.06	1	6	360	107,784431137725	0,107784431137725	1,07784431137725	1
2022/08/19 13.23.06	0	6	360	107,784431137725	0,107784431137725	1,07784431137725	1
2022/08/19 13.23.07	1	1	60	17,9640718562874	0,0179640718562874	0,179640718562874	1
2022/08/19 13.23.09	2	0	0	0	0	0	1
2022/08/19 13.23.09	0	2	120	35,9281437125749	0,0359281437125748	0,359281437125749	1
2022/08/19 13.23.10	0	0	0	0	0	0	1
2022/08/19 13.23.11	0	2	120	35,9281437125749	0,0359281437125748	0,359281437125749	1
2022/08/19 13.23.12	0	0	0	0	0	0	1
2022/08/19 13.23.13	2	0	0	0	0	0	1
2022/08/19 13.23.14	3	1	60	17,9640718562874	0,0179640718562874	0,179640718562874	1
2022/08/19 13.23.15	9	0	0	0	0	0	1
2022/08/19 13.23.16	0	0	0	0	0	0	1
2022/08/19 13.23.17	0	0	0	0	0	0	1
2022/08/19 13.23.18	0	0	0	0	0	0	1
2022/08/19 13.23.19	0	4	240	71,8562874251497	0,0718562874251497	0,718562874251497	1
2022/08/19 13.23.21	1	0	0	0	0	0	1
2022/08/19 13.23.21	0	1	60	17,9640718562874	0,0179640718562874	0,179640718562874	1
2022/08/19 13.23.22	0	0	0	0	0	0	1
2022/08/19 13.23.23	0	1	60	17,9640718562874	0,0179640718562874	0,179640718562874	1
2022/08/19 13.23.24	0	2	120	35,9281437125749	0,0359281437125748	0,359281437125749	1
2022/08/19 13.23.25	1	0	0	0	0	0	1
2022/08/19 13.23.27	0	0	0	0	0	0	1
2022/08/19 13.23.27	0	0	0	0	0	0	1
2022/08/19 13.23.29	1	0	0	0	0	0	1
2022/08/19 13.23.30	0	2	120	35,9281437125749	0,0359281437125748	0,359281437125749	1
2022/08/19 13.23.30	0	3	180	53,8922155688623	0,0538922155688623	0,538922155688623	1
2022/08/19 13.23.31	0	9	540	161,676646706587	0,161676646706587	1,61676646706587	1
2022/08/19 13.23.33	0	0	0	0	0	0	1
2022/08/19 13.23.33	1	0	0	0	0	0	1
2022/08/19 13.23.34	0	0	0	0	0	0	1
2022/08/19 13.23.36	0	0	0	0	0	0	1
2022/08/19 13.23.36	0	1	60	17,9640718562874	0,0179640718562874	0,179640718562874	1
2022/08/19 13.23.37	0	0	0	0	0	0	1
2022/08/19 13.23.39	0	0	0	0	0	0	1
2022/08/19 13.23.39	1	0	0	0	0	0	1
2022/08/19 13.23.40	0	0	0	0	0	0	1
2022/08/19 13.23.42	0	1	60	17,9640718562874	0,0179640718562874	0,179640718562874	1
2022/08/19 13.23.42	0	0	0	0	0	0	1
2022/08/19 13.23.44	1	0	0	0	0	0	1
2022/08/19 13.23.45	0	1	60	17,9640718562874	0,0179640718562874	0,179640718562874	1
2022/08/19 13.23.45	1	0	0	0	0	0	1
2022/08/19 13.23.46	0	0	0	0	0	0	1
2022/08/19 13.23.48	1	0	0	0	0	0	1
2022/08/19 13.23.48	0	0	0	0	0	0	1
2022/08/19 13.23.50	0	1	60	17,9640718562874	0,0179640718562874	0,179640718562874	1
2022/08/19 13.23.51	0	0	0	0	0	0	1
2022/08/19 13.23.52	0	0	0	0	0	0	1
2022/08/19 13.23.53	0	0	0	0	0	0	1
2022/08/19 13.23.54	1	0	0	0	0	0	1
2022/08/19 13.23.54	0	0	0	0	0	0	1
2022/08/19 13.23.55	0	1	60	17,9640718562874	0,0179640718562874	0,179640718562874	1
2022/08/19 13.23.57	0	0	0	0	0	0	1
2022/08/19 13.23.58	1	0	0	0	0	0	1
2022/08/19 13.23.58	0	0	0	0	0	0	1
2022/08/19 13.24.00	0	1	60	17,9640718562874	0,0179640718562874	0,179640718562874	1
2022/08/19 13.24.00	0	0	0	0	0	0	1
2022/08/19 13.24.01	0	1	60	17,9640718562874	0,0179640718562874	0,179640718562874	1
2022/08/19 13.24.02	0	0	0	0	0	0	1
2022/08/19 13.24.04	0	1	60	17,9640718562874	0,0179640718562874	0,179640718562874	1
2022/08/19 13.24.04	1	0	0	0	0	0	1
2022/08/19 13.24.06	1	0	0	0	0	0	1
2022/08/19 13.24.06	2	0	0	0	0	0	1
2022/08/19 13.24.08	0	0	0	0	0	0	1
2022/08/19 13.24.09	1	0	0	0	0	0	1
2022/08/19 13.24.09	0	1	60	17,9640718562874	0,0179640718562874	0,179640718562874	1
2022/08/19 13.24.10	0	0	0	0	0	0	1
2022/08/19 13.24.12	0	0	0	0	0	0	1
2022/08/19 13.24.12	0	0	0	0	0	0	1
2022/08/19 13.24.13	0	1	60	17,9640718562874	0,0179640718562874	0,179640718562874	1
2022/08/19 13.24.15	0	0	0	0	0	0	1
2022/08/19 13.24.15	0	0	0	0	0	0	1
2022/08/19 13.24.17	0	0	0	0	0	0	1
2022/08/19 13.24.18	1	0	0	0	0	0	1
2022/08/19 13.24.18	1	0	0	0	0	0	1
2022/08/19 13.24.20	0	0	0	0	0	0	1
2022/08/19 13.24.20	1	1	60	17,9640718562874	0,0179640718562874	0,179640718562874	1
2022/08/19 13.24.22	1	1	60	17,9640718562874	0,0179640718562874	0,179640718562874	1
2022/08/19 13.24.22	1	2	120	35,9281437125749	0,0359281437125748	0,359281437125749	1
2022/08/19 13.24.24	1	0	0	0	0	0	1
2022/08/19 13.24.24	1	1	60	17,9640718562874	0,0179640718562874	0,179640718562874	1
2022/08/19 13.24.25	1	0	0	0	0	0	1
2022/08/19 13.24.26	0	0	0	0	0	0	1
2022/08/19 13.24.27	1	0	0	0	0	0	1
2022/08/19 13.24.29	0	0	0	0	0	0	1
2022/08/19 13.24.30	0	0	0	0	0	0	1
2022/08/19 13.24.31	1	0	0	0	0	0	1
2022/08/19 13.24.31	1	0	0	0	0	0	1
2022/08/19 13.24.33	1	0	0	0	0	0	1
2022/08/19 13.24.34	0	1	60	17,9640718562874	0,0179640718562874	0,179640718562874	1
2022/08/19 13.24.34	0	1	60	17,9640718562874	0,0179640718562874	0,179640718562874	1
2022/08/19 13.24.36	1	0	0	0	0	0	1
2022/08/19 13.24.36	0	1	60	17,9640718562874	0,0179640718562874	0,179640718562874	1
2022/08/19 13.24.37	1	1	60	17,9640718562874	0,0179640718562874	0,179640718562874	1
2022/08/19 13.24.39	1	1	60	17,9640718562874	0,0179640718562874	0,179640718562874	1
2022/08/19 13.24.39	1	1	60	17,9640718562874	0,0179640718562874	0,179640718562874	1
2022/08/19 13.24.40	0	1	60	17,9640718562874	0,0179640718562874	0,179640718562874	1
2022/08/19 13.24.42	0	1	60	17,9640718562874	0,0179640718562874	0,179640718562874	1
2022/08/19 13.24.42	1	0	0	0	0	0	1
2022/08/19 13.24.43	0	1	60	17,9640718562874	0,0179640718562874	0,179640718562874	1
2022/08/19 13.24.45	0	0	0	0	0	0	1
2022/08/19 13.24.46	3	0	0	0	0	0	1
2022/08/19 13.24.46	0	1	60	17,9640718562874	0,0179640718562874	0,179640718562874	1
2022/08/19 13.24.48	2	1	60	17,9640718562874	0,0179640718562874	0,179640718562874	1
2022/08/19 13.24.48	0	1	60	17,9640718562874	0,0179640718562874	0,179640718562874	1
2022/08/19 13.24.50	1	0	0	0	0	0	1
2022/08/19 13.24.51	2	0	0	0	0	0	1
2022/08/19 13.24.52	2	1	60	17,9640718562874	0,0179640718562874	0,179640718562874	1
2022/08/19 13.24.53	1	0	0	0	0	0	1
2022/08/19 13.24.54	0	1	60	17,9640718562874	0,0179640718562874	0,179640718562874	1
2022/08/19 13.24.55	0	1	60	17,9640718562874	0,0179640718562874	0,179640718562874	1
2022/08/19 13.24.55	1	1	60	17,9640718562874	0,0179640718562874	0,179640718562874	1
2022/08/19 13.24.57	0	0	0	0	0	0	1
2022/08/19 13.24.58	0	0	0	0	0	0	1
2022/08/19 13.24.59	1	1	60	17,9640718562874	0,0179640718562874	0,179640718562874	1
2022/08/19 13.25.00	1	0	0	0	0	0	1
2022/08/19 13.25.00	1	0	0	0	0	0	1
2022/08/19 13.25.01	0	3	180	53,8922155688623	0,0538922155688623	0,538922155688623	1
2022/08/19 13.25.03	0	0	0	0	0	0	1
2022/08/19 13.25.03	1	2	120	35,9281437125749	0,0359281437125748	0,359281437125749	1
2022/08/19 13.25.04	1	0	0	0	0	0	1
2022/08/19 13.25.06	0	1	60	17,9640718562874	0,0179640718562874	0,179640718562874	1
2022/08/19 13.25.07	0	2	120	35,9281437125749	0,0359281437125748	0,359281437125749	1
2022/08/19 13.25.07	1	2	120	35,9281437125749	0,0359281437125748	0,359281437125749	1
2022/08/19 13.25.09	0	1	60	17,9640718562874	0,0179640718562874	0,179640718562874	1
2022/08/19 13.25.09	1	0	0	0	0	0	1
2022/08/19 13.25.10	0	0	0	0	0	0	1
2022/08/19 13.25.12	1	1	60	17,9640718562874	0,0179640718562874	0,179640718562874	1
2022/08/19 13.25.13	0	0	0	0	0	0	0
2022/08/19 13.25.13	0	0	0	0	0	0	0
2022/08/19 13.25.15	0	1	60	17,9640718562874	0,0179640718562874	0,179640718562874	0
2022/08/19 13.25.16	0	1	60	17,9640718562874	0,0179640718562874	0,179640718562874	0
2022/08/19 13.25.17	0	1	60	17,9640718562874	0,0179640718562874	0,179640718562874	0
2022/08/19 13.25.18	0	0	0	0	0	0	0
2022/08/19 13.25.19	0	0	0	0	0	0	0
2022/08/19 13.25.19	0	1	60	17,9640718562874	0,0179640718562874	0,179640718562874	0
2022/08/19 13.25.21	0	1	60	17,9640718562874	0,0179640718562874	0,179640718562874	0
2022/08/19 13.25.21	0	0	0	0	0	0	0
2022/08/19 13.25.22	0	0	0	0	0	0	0
2022/08/19 13.25.24	0	1	60	17,9640718562874	0,0179640718562874	0,179640718562874	0
2022/08/19 13.25.24	0	0	0	0	0	0	0
2022/08/19 13.25.25	0	1	60	17,9640718562874	0,0179640718562874	0,179640718562874	0
2022/08/19 13.25.27	0	0	0	0	0	0	0
2022/08/19 13.25.27	0	1	60	17,9640718562874	0,0179640718562874	0,179640718562874	0
