Date/Time	counts (1 sec)	cps	cpm	µR/h	mR/h	µSv/h	Averaging Time (sec)
2022/08/19 11:20:25	1	0	0	0	0	0	1
2022/08/19 11:20:26	0	0	0	0	0	0	1
2022/08/19 11:20:27	0	0	0	0	0	0	1
2022/08/19 11:20:28	1	0	0	0	0	0	1
2022/08/19 11:20:29	2	0	0	0	0	0	1
2022/08/19 11:20:30	0	0	0	0	0	0	1
2022/08/19 11:20:31	1	0	0	0	0	0	1
2022/08/19 11:20:32	0	0	0	0	0	0	1
2022/08/19 11:20:33	0	0	0	0	0	0	1
2022/08/19 11:20:34	1	0	0	0	0	0	1
2022/08/19 11:20:35	0	0	0	0	0	0	1
2022/08/19 11:20:36	1	0	0	0	0	0	1
2022/08/19 11:20:37	1	0	0	0	0	0	1
2022/08/19 11:20:38	0	0	0	0	0	0	1
2022/08/19 11:20:39	0	0	0	0	0	0	1
2022/08/19 11:20:40	0	0	0	0	0	0	1
2022/08/19 11:20:41	0	0	0	0	0	0	1
2022/08/19 11:20:42	0	0	0	0	0	0	1
2022/08/19 11:20:43	2	0	0	0	0	0	1
2022/08/19 11:20:44	0	0	0	0	0	0	1
2022/08/19 11:20:45	0	0	0	0	0	0	1
2022/08/19 11:20:46	0	0	0	0	0	0	1
2022/08/19 11:20:47	0	0	0	0	0	0	1
2022/08/19 11:20:48	0	0	0	0	0	0	1
2022/08/19 11:20:49	1	0	0	0	0	0	1
2022/08/19 11:20:50	0	0	0	0	0	0	1
2022/08/19 11:20:51	0	0	0	0	0	0	1
2022/08/19 11:20:52	0	0	0	0	0	0	1
2022/08/19 11:20:53	0	0	0	0	0	0	1
2022/08/19 11:20:54	0	0	0	0	0	0	1
2022/08/19 11:20:55	0	0	0	0	0	0	1
2022/08/19 11:20:56	0	0	0	0	0	0	1
2022/08/19 11:20:57	2	0	0	0	0	0	1
2022/08/19 11:20:58	0	0	0	0	0	0	1
2022/08/19 11:20:59	0	0	0	0	0	0	1
2022/08/19 11:21:00	0	0	0	0	0	0	1
2022/08/19 11:21:01	3	0	0	0	0	0	1
2022/08/19 11:21:02	1	0	0	0	0	0	1
2022/08/19 11:21:03	0	0	0	0	0	0	1
2022/08/19 11:21:04	1	0	0	0	0	0	1
2022/08/19 11:21:05	0	0	0	0	0	0	1
2022/08/19 11:21:06	1	0	0	0	0	0	1
2022/08/19 11:21:07	2	0	0	0	0	0	1
2022/08/19 11:21:08	0	0	0	0	0	0	1
2022/08/19 11:21:09	0	0	0	0	0	0	1
2022/08/19 11:21:10	0	0	0	0	0	0	1
2022/08/19 11:21:11	0	0	0	0	0	0	1
2022/08/19 11:21:12	0	0	0	0	0	0	1
2022/08/19 11:21:13	2	0	0	0	0	0	1
2022/08/19 11:21:14	1	0	0	0	0	0	1
2022/08/19 11:21:15	1	0	0	0	0	0	1
2022/08/19 11:21:16	0	0	0	0	0	0	1
2022/08/19 11:21:17	1	0	0	0	0	0	1
2022/08/19 11:21:19	3	1	60	17.9640718562874	0.0179640718562874	0.179640718562874	1
2022/08/19 11:21:20	2	0	0	0	0	0	1
2022/08/19 11:21:21	0	0	0	0	0	0	1
2022/08/19 11:21:22	0	1	60	17.9640718562874	0.0179640718562874	0.179640718562874	1
2022/08/19 11:21:23	0	2	120	35.9281437125749	0.0359281437125748	0.359281437125749	1
2022/08/19 11:21:24	0	0	0	0	0	0	1
2022/08/19 11:21:25	0	1	60	17.9640718562874	0.0179640718562874	0.179640718562874	1
2022/08/19 11:21:26	0	0	0	0	0	0	1
2022/08/19 11:21:27	0	0	0	0	0	0	1
2022/08/19 11:21:28	0	1	60	17.9640718562874	0.0179640718562874	0.179640718562874	1
2022/08/19 11:21:29	0	0	0	0	0	0	1
2022/08/19 11:21:30	0	1	60	17.9640718562874	0.0179640718562874	0.179640718562874	1
2022/08/19 11:21:31	1	1	60	17.9640718562874	0.0179640718562874	0.179640718562874	1
2022/08/19 11:21:32	1	0	0	0	0	0	1
2022/08/19 11:21:33	0	0	0	0	0	0	1
2022/08/19 11:21:34	0	0	0	0	0	0	1
2022/08/19 11:21:35	0	0	0	0	0	0	1
2022/08/19 11:21:36	0	0	0	0	0	0	1
2022/08/19 11:21:37	0	2	120	35.9281437125749	0.0359281437125748	0.359281437125749	1
2022/08/19 11:21:38	0	0	0	0	0	0	1
2022/08/19 11:21:39	1	0	0	0	0	0	1
2022/08/19 11:21:40	0	0	0	0	0	0	1
2022/08/19 11:21:41	0	0	0	0	0	0	1
2022/08/19 11:21:42	1	0	0	0	0	0	1
2022/08/19 11:21:43	2	1	60	17.9640718562874	0.0179640718562874	0.179640718562874	1
2022/08/19 11:21:44	1	0	0	0	0	0	1
2022/08/19 11:21:45	1	0	0	0	0	0	1
2022/08/19 11:21:46	2	0	0	0	0	0	1
2022/08/19 11:21:47	0	0	0	0	0	0	1
2022/08/19 11:21:48	0	0	0	0	0	0	1
2022/08/19 11:21:49	1	0	0	0	0	0	1
2022/08/19 11:21:50	1	0	0	0	0	0	1
2022/08/19 11:21:51	1	2	120	35.9281437125749	0.0359281437125748	0.359281437125749	1
2022/08/19 11:21:52	0	0	0	0	0	0	1
2022/08/19 11:21:53	1	0	0	0	0	0	1
2022/08/19 11:21:54	0	0	0	0	0	0	1
2022/08/19 11:21:55	1	3	180	53.8922155688623	0.0538922155688623	0.538922155688623	1
2022/08/19 11:21:56	0	1	60	17.9640718562874	0.0179640718562874	0.179640718562874	1
2022/08/19 11:21:57	0	0	0	0	0	0	1
2022/08/19 11:21:58	1	1	60	17.9640718562874	0.0179640718562874	0.179640718562874	1
2022/08/19 11:21:59	1	0	0	0	0	0	1
2022/08/19 11:22:00	0	1	60	17.9640718562874	0.0179640718562874	0.179640718562874	1
2022/08/19 11:22:01	0	2	120	35.9281437125749	0.0359281437125748	0.359281437125749	1
2022/08/19 11:22:02	0	0	0	0	0	0	1
2022/08/19 11:22:03	0	0	0	0	0	0	1
2022/08/19 11:22:04	0	0	0	0	0	0	1
2022/08/19 11:22:05	0	0	0	0	0	0	1
2022/08/19 11:22:06	0	0	0	0	0	0	1
2022/08/19 11:22:07	0	2	120	35.9281437125749	0.0359281437125748	0.359281437125749	1
2022/08/19 11:22:08	2	1	60	17.9640718562874	0.0179640718562874	0.179640718562874	1
2022/08/19 11:22:09	0	1	60	17.9640718562874	0.0179640718562874	0.179640718562874	1
2022/08/19 11:22:10	2	0	0	0	0	0	1
2022/08/19 11:22:11	1	1	60	17.9640718562874	0.0179640718562874	0.179640718562874	1
2022/08/19 11:22:12	2	3	180	53.8922155688623	0.0538922155688623	0.538922155688623	1
2022/08/19 11:22:13	1	2	120	35.9281437125749	0.0359281437125748	0.359281437125749	1
2022/08/19 11:22:14	1	0	0	0	0	0	1
2022/08/19 11:22:15	1	0	0	0	0	0	1
2022/08/19 11:22:16	0	0	0	0	0	0	1
2022/08/19 11:22:17	1	0	0	0	0	0	1
2022/08/19 11:22:18	0	0	0	0	0	0	1
2022/08/19 11:22:19	0	0	0	0	0	0	1
2022/08/19 11:22:20	0	0	0	0	0	0	1
2022/08/19 11:22:21	1	0	0	0	0	0	1
2022/08/19 11:22:22	3	0	0	0	0	0	1
2022/08/19 11:22:23	0	0	0	0	0	0	1
2022/08/19 11:22:24	0	1	60	17.9640718562874	0.0179640718562874	0.179640718562874	1
2022/08/19 11:22:25	0	1	60	17.9640718562874	0.0179640718562874	0.179640718562874	1
2022/08/19 11:22:26	0	0	0	0	0	0	1
2022/08/19 11:22:27	0	0	0	0	0	0	1
2022/08/19 11:22:28	0	0	0	0	0	0	1
2022/08/19 11:22:29	0	0	0	0	0	0	1
2022/08/19 11:22:30	0	0	0	0	0	0	1
2022/08/19 11:22:31	0	0	0	0	0	0	1
2022/08/19 11:22:32	0	1	60	17.9640718562874	0.0179640718562874	0.179640718562874	1
2022/08/19 11:22:33	0	0	0	0	0	0	1
2022/08/19 11:22:34	1	0	0	0	0	0	1
2022/08/19 11:22:35	0	1	60	17.9640718562874	0.0179640718562874	0.179640718562874	1
2022/08/19 11:22:36	1	2	120	35.9281437125749	0.0359281437125748	0.359281437125749	1
2022/08/19 11:22:37	2	1	60	17.9640718562874	0.0179640718562874	0.179640718562874	1
2022/08/19 11:22:38	1	1	60	17.9640718562874	0.0179640718562874	0.179640718562874	1
2022/08/19 11:22:39	0	2	120	35.9281437125749	0.0359281437125748	0.359281437125749	1
2022/08/19 11:22:40	2	0	0	0	0	0	1
2022/08/19 11:22:41	1	0	0	0	0	0	1
2022/08/19 11:22:42	1	1	60	17.9640718562874	0.0179640718562874	0.179640718562874	1
2022/08/19 11:22:43	0	1	60	17.9640718562874	0.0179640718562874	0.179640718562874	1
2022/08/19 11:22:44	2	1	60	17.9640718562874	0.0179640718562874	0.179640718562874	1
2022/08/19 11:22:45	1	0	0	0	0	0	1
2022/08/19 11:22:46	1	1	60	17.9640718562874	0.0179640718562874	0.179640718562874	1
2022/08/19 11:22:47	1	0	0	0	0	0	1
2022/08/19 11:22:48	0	1	60	17.9640718562874	0.0179640718562874	0.179640718562874	1
2022/08/19 11:22:49	1	0	0	0	0	0	1
2022/08/19 11:22:50	1	0	0	0	0	0	1
2022/08/19 11:22:51	0	1	60	17.9640718562874	0.0179640718562874	0.179640718562874	0
2022/08/19 11:22:52	0	1	60	17.9640718562874	0.0179640718562874	0.179640718562874	0
2022/08/19 11:22:53	0	0	0	0	0	0	0
2022/08/19 11:22:54	0	0	0	0	0	0	0
2022/08/19 11:22:55	0	0	0	0	0	0	0
2022/08/19 11:22:56	0	0	0	0	0	0	0
2022/08/19 11:22:57	0	0	0	0	0	0	0
2022/08/19 11:22:58	0	0	0	0	0	0	0
2022/08/19 11:22:59	0	0	0	0	0	0	0
2022/08/19 11:23:00	0	0	0	0	0	0	0
2022/08/19 11:23:01	0	2	120	35.9281437125749	0.0359281437125748	0.359281437125749	0
2022/08/19 11:23:02	0	0	0	0	0	0	0
2022/08/19 11:23:03	0	2	120	35.9281437125749	0.0359281437125748	0.359281437125749	0
2022/08/19 11:23:04	0	1	60	17.9640718562874	0.0179640718562874	0.179640718562874	0
2022/08/19 11:23:05	0	2	120	35.9281437125749	0.0359281437125748	0.359281437125749	0
2022/08/19 11:23:06	0	1	60	17.9640718562874	0.0179640718562874	0.179640718562874	0
2022/08/19 11:23:07	0	1	60	17.9640718562874	0.0179640718562874	0.179640718562874	0
2022/08/19 11:23:08	0	1	60	17.9640718562874	0.0179640718562874	0.179640718562874	0
2022/08/19 11:23:09	0	0	0	0	0	0	0
2022/08/19 11:23:10	0	1	60	17.9640718562874	0.0179640718562874	0.179640718562874	0
2022/08/19 11:23:11	0	0	0	0	0	0	0
2022/08/19 11:23:12	0	0	0	0	0	0	0
2022/08/19 11:23:13	0	0	0	0	0	0	0
2022/08/19 11:23:14	0	1	60	17.9640718562874	0.0179640718562874	0.179640718562874	0
2022/08/19 11:23:15	0	3	180	53.8922155688623	0.0538922155688623	0.538922155688623	0
2022/08/19 11:23:16	0	0	0	0	0	0	0
2022/08/19 11:23:17	0	0	0	0	0	0	0
2022/08/19 11:23:18	0	0	0	0	0	0	0
2022/08/19 11:23:19	0	0	0	0	0	0	0
2022/08/19 11:23:20	0	0	0	0	0	0	0
2022/08/19 11:23:21	0	0	0	0	0	0	0
2022/08/19 11:23:22	0	0	0	0	0	0	0
2022/08/19 11:23:23	0	0	0	0	0	0	0
2022/08/19 11:23:24	0	0	0	0	0	0	0
2022/08/19 11:23:25	0	0	0	0	0	0	0
2022/08/19 11:23:26	0	0	0	0	0	0	0
2022/08/19 11:23:27	0	1	60	17.9640718562874	0.0179640718562874	0.179640718562874	0
2022/08/19 11:23:28	0	0	0	0	0	0	0
2022/08/19 11:23:29	0	1	60	17.9640718562874	0.0179640718562874	0.179640718562874	0
2022/08/19 11:23:30	0	2	120	35.9281437125749	0.0359281437125748	0.359281437125749	0
2022/08/19 11:23:31	0	1	60	17.9640718562874	0.0179640718562874	0.179640718562874	0
2022/08/19 11:23:32	0	0	0	0	0	0	0
2022/08/19 11:23:33	0	2	120	35.9281437125749	0.0359281437125748	0.359281437125749	0
2022/08/19 11:23:34	0	1	60	17.9640718562874	0.0179640718562874	0.179640718562874	0
2022/08/19 11:23:35	0	1	60	17.9640718562874	0.0179640718562874	0.179640718562874	0
2022/08/19 11:23:36	0	0	0	0	0	0	0
2022/08/19 11:23:37	0	2	120	35.9281437125749	0.0359281437125748	0.359281437125749	0
2022/08/19 11:23:38	0	1	60	17.9640718562874	0.0179640718562874	0.179640718562874	0
2022/08/19 11:23:39	0	1	60	17.9640718562874	0.0179640718562874	0.179640718562874	0
2022/08/19 11:23:40	0	1	60	17.9640718562874	0.0179640718562874	0.179640718562874	0
2022/08/19 11:23:41	0	0	0	0	0	0	0
2022/08/19 11:23:42	0	1	60	17.9640718562874	0.0179640718562874	0.179640718562874	0
2022/08/19 11:23:43	0	1	60	17.9640718562874	0.0179640718562874	0.179640718562874	0
