Date/Time	counts (1 sec)	cps	cpm	µR/h	mR/h	µSv/h	Averaging Time (sec)
2022/08/19 13:17:17	2	2	120	35.9281437125749	0.0359281437125748	0.359281437125749	1
2022/08/19 13:17:18	1	1	60	17.9640718562874	0.0179640718562874	0.179640718562874	1
2022/08/19 13:17:19	0	0	0	0	0	0	1
2022/08/19 13:17:20	1	1	60	17.9640718562874	0.0179640718562874	0.179640718562874	1
2022/08/19 13:17:21	1	1	60	17.9640718562874	0.0179640718562874	0.179640718562874	1
2022/08/19 13:17:22	2	2	120	35.9281437125749	0.0359281437125748	0.359281437125749	1
2022/08/19 13:17:23	0	0	0	0	0	0	1
2022/08/19 13:17:24	2	2	120	35.9281437125749	0.0359281437125748	0.359281437125749	1
2022/08/19 13:17:25	0	0	0	0	0	0	1
2022/08/19 13:17:26	0	0	0	0	0	0	1
2022/08/19 13:17:27	0	0	0	0	0	0	1
2022/08/19 13:17:28	0	0	0	0	0	0	1
2022/08/19 13:17:29	1	1	60	17.9640718562874	0.0179640718562874	0.179640718562874	1
2022/08/19 13:17:30	0	0	0	0	0	0	1
2022/08/19 13:17:31	0	0	0	0	0	0	1
2022/08/19 13:17:32	0	0	0	0	0	0	1
2022/08/19 13:17:34	0	0	0	0	0	0	1
2022/08/19 13:17:35	0	0	0	0	0	0	1
2022/08/19 13:17:36	1	0	0	0	0	0	1
2022/08/19 13:17:37	1	0	0	0	0	0	1
2022/08/19 13:17:38	1	0	0	0	0	0	1
2022/08/19 13:17:39	0	0	0	0	0	0	1
2022/08/19 13:17:40	1	0	0	0	0	0	1
2022/08/19 13:17:41	1	0	0	0	0	0	1
2022/08/19 13:17:42	1	0	0	0	0	0	1
2022/08/19 13:17:43	1	0	0	0	0	0	1
2022/08/19 13:17:44	1	0	0	0	0	0	1
2022/08/19 13:17:45	2	0	0	0	0	0	1
2022/08/19 13:17:46	1	0	0	0	0	0	1
2022/08/19 13:17:47	0	0	0	0	0	0	1
2022/08/19 13:17:48	0	0	0	0	0	0	1
2022/08/19 13:17:49	1	0	0	0	0	0	1
2022/08/19 13:17:50	0	0	0	0	0	0	1
2022/08/19 13:17:51	0	0	0	0	0	0	1
2022/08/19 13:17:52	0	0	0	0	0	0	1
2022/08/19 13:17:53	2	0	0	0	0	0	1
2022/08/19 13:17:54	0	0	0	0	0	0	1
2022/08/19 13:17:55	3	0	0	0	0	0	1
2022/08/19 13:17:56	2	0	0	0	0	0	1
2022/08/19 13:17:57	0	0	0	0	0	0	1
2022/08/19 13:17:58	0	0	0	0	0	0	1
2022/08/19 13:17:59	1	0	0	0	0	0	1
2022/08/19 13:18:00	0	0	0	0	0	0	1
2022/08/19 13:18:01	1	0	0	0	0	0	1
2022/08/19 13:18:02	0	0	0	0	0	0	1
2022/08/19 13:18:03	1	0	0	0	0	0	1
2022/08/19 13:18:04	1	0	0	0	0	0	1
2022/08/19 13:18:05	0	0	0	0	0	0	1
2022/08/19 13:18:06	0	0	0	0	0	0	1
2022/08/19 13:18:07	1	0	0	0	0	0	1
2022/08/19 13:18:08	0	0	0	0	0	0	1
2022/08/19 13:18:09	1	0	0	0	0	0	1
2022/08/19 13:18:10	0	0	0	0	0	0	1
2022/08/19 13:18:11	0	0	0	0	0	0	1
2022/08/19 13:18:12	1	0	0	0	0	0	1
2022/08/19 13:18:13	1	0	0	0	0	0	1
2022/08/19 13:18:14	0	0	0	0	0	0	1
2022/08/19 13:18:15	2	0	0	0	0	0	1
2022/08/19 13:18:16	3	0	0	0	0	0	1
2022/08/19 13:18:17	0	0	0	0	0	0	1
2022/08/19 13:18:18	1	0	0	0	0	0	1
2022/08/19 13:18:19	0	0	0	0	0	0	1
2022/08/19 13:18:20	0	0	0	0	0	0	1
2022/08/19 13:18:21	1	0	0	0	0	0	1
2022/08/19 13:18:22	1	0	0	0	0	0	1
2022/08/19 13:18:23	1	0	0	0	0	0	1
2022/08/19 13:18:24	0	0	0	0	0	0	1
2022/08/19 13:18:25	1	0	0	0	0	0	1
2022/08/19 13:18:26	0	0	0	0	0	0	1
2022/08/19 13:18:27	3	0	0	0	0	0	1
2022/08/19 13:18:28	0	0	0	0	0	0	1
2022/08/19 13:18:29	2	0	0	0	0	0	1
2022/08/19 13:18:30	0	0	0	0	0	0	1
2022/08/19 13:18:31	1	0	0	0	0	0	1
2022/08/19 13:18:32	0	0	0	0	0	0	1
2022/08/19 13:18:33	1	0	0	0	0	0	1
2022/08/19 13:18:34	1	0	0	0	0	0	1
2022/08/19 13:18:35	1	0	0	0	0	0	1
2022/08/19 13:18:36	1	0	0	0	0	0	1
2022/08/19 13:18:37	0	0	0	0	0	0	1
2022/08/19 13:18:38	0	0	0	0	0	0	1
2022/08/19 13:18:39	0	0	0	0	0	0	1
2022/08/19 13:18:40	0	0	0	0	0	0	1
2022/08/19 13:18:41	0	0	0	0	0	0	1
2022/08/19 13:18:42	0	0	0	0	0	0	1
2022/08/19 13:18:43	0	0	0	0	0	0	1
2022/08/19 13:18:44	2	0	0	0	0	0	1
2022/08/19 13:18:45	0	0	0	0	0	0	1
2022/08/19 13:18:46	1	0	0	0	0	0	1
2022/08/19 13:18:47	0	0	0	0	0	0	1
2022/08/19 13:18:48	0	0	0	0	0	0	1
2022/08/19 13:18:49	1	0	0	0	0	0	1
2022/08/19 13:18:50	1	0	0	0	0	0	1
2022/08/19 13:18:51	3	0	0	0	0	0	1
2022/08/19 13:18:52	1	0	0	0	0	0	1
2022/08/19 13:18:53	1	0	0	0	0	0	1
2022/08/19 13:18:54	0	0	0	0	0	0	1
2022/08/19 13:18:55	2	0	0	0	0	0	1
2022/08/19 13:18:56	0	0	0	0	0	0	1
2022/08/19 13:18:57	1	0	0	0	0	0	1
2022/08/19 13:18:58	2	0	0	0	0	0	1
2022/08/19 13:18:59	0	0	0	0	0	0	1
2022/08/19 13:19:00	0	0	0	0	0	0	1
2022/08/19 13:19:01	0	0	0	0	0	0	1
2022/08/19 13:19:02	0	0	0	0	0	0	1
2022/08/19 13:19:03	2	0	0	0	0	0	1
2022/08/19 13:19:04	1	0	0	0	0	0	1
2022/08/19 13:19:05	2	0	0	0	0	0	1
2022/08/19 13:19:06	0	0	0	0	0	0	1
2022/08/19 13:19:07	1	0	0	0	0	0	1
2022/08/19 13:19:08	0	0	0	0	0	0	1
2022/08/19 13:19:09	1	0	0	0	0	0	1
2022/08/19 13:19:10	1	0	0	0	0	0	1
2022/08/19 13:19:11	1	0	0	0	0	0	1
2022/08/19 13:19:12	0	0	0	0	0	0	1
2022/08/19 13:19:13	0	0	0	0	0	0	1
2022/08/19 13:19:14	0	0	0	0	0	0	1
2022/08/19 13:19:15	0	0	0	0	0	0	1
2022/08/19 13:19:16	2	0	0	0	0	0	1
2022/08/19 13:19:17	1	0	0	0	0	0	1
2022/08/19 13:19:18	0	0	0	0	0	0	1
2022/08/19 13:19:19	0	0	0	0	0	0	1
2022/08/19 13:19:20	2	0	0	0	0	0	1
2022/08/19 13:19:21	1	0	0	0	0	0	1
2022/08/19 13:19:22	0	0	0	0	0	0	1
2022/08/19 13:19:23	1	0	0	0	0	0	1
2022/08/19 13:19:24	2	0	0	0	0	0	1
2022/08/19 13:19:25	1	0	0	0	0	0	1
2022/08/19 13:19:26	0	0	0	0	0	0	1
2022/08/19 13:19:27	1	0	0	0	0	0	1
2022/08/19 13:19:28	1	0	0	0	0	0	1
2022/08/19 13:19:29	2	0	0	0	0	0	1
2022/08/19 13:19:30	3	0	0	0	0	0	1
2022/08/19 13:19:31	0	0	0	0	0	0	1
2022/08/19 13:19:32	2	0	0	0	0	0	1
2022/08/19 13:19:33	1	0	0	0	0	0	1
2022/08/19 13:19:34	0	0	0	0	0	0	1
2022/08/19 13:19:35	1	0	0	0	0	0	1
2022/08/19 13:19:36	2	0	0	0	0	0	1
2022/08/19 13:19:37	1	0	0	0	0	0	1
2022/08/19 13:19:38	0	0	0	0	0	0	1
2022/08/19 13:19:39	1	0	0	0	0	0	1
2022/08/19 13:19:40	1	0	0	0	0	0	1
2022/08/19 13:19:41	1	0	0	0	0	0	1
2022/08/19 13:19:42	0	0	0	0	0	0	1
2022/08/19 13:19:43	0	0	0	0	0	0	1
2022/08/19 13:19:44	0	0	0	0	0	0	1
2022/08/19 13:19:45	0	0	0	0	0	0	1
2022/08/19 13:19:46	1	0	0	0	0	0	1
2022/08/19 13:19:47	2	0	0	0	0	0	1
2022/08/19 13:19:48	2	0	0	0	0	0	1
2022/08/19 13:19:49	4	0	0	0	0	0	1
2022/08/19 13:19:50	0	0	0	0	0	0	1
2022/08/19 13:19:51	1	0	0	0	0	0	1
2022/08/19 13:19:52	1	0	0	0	0	0	1
2022/08/19 13:19:53	1	0	0	0	0	0	1
2022/08/19 13:19:54	2	0	0	0	0	0	1
2022/08/19 13:19:55	0	0	0	0	0	0	1
2022/08/19 13:19:56	1	0	0	0	0	0	1
2022/08/19 13:19:57	0	0	0	0	0	0	1
2022/08/19 13:19:58	1	0	0	0	0	0	1
2022/08/19 13:19:59	0	0	0	0	0	0	1
2022/08/19 13:20:00	1	0	0	0	0	0	1
2022/08/19 13:20:01	1	0	0	0	0	0	1
2022/08/19 13:20:02	0	0	0	0	0	0	1
2022/08/19 13:20:03	0	0	0	0	0	0	1
2022/08/19 13:20:04	0	0	0	0	0	0	1
2022/08/19 13:20:05	1	0	0	0	0	0	1
2022/08/19 13:20:06	1	0	0	0	0	0	1
2022/08/19 13:20:07	1	0	0	0	0	0	1
2022/08/19 13:20:08	0	0	0	0	0	0	1
2022/08/19 13:20:09	1	0	0	0	0	0	1
2022/08/19 13:20:10	0	0	0	0	0	0	1
2022/08/19 13:20:11	0	0	0	0	0	0	1
2022/08/19 13:20:12	0	0	0	0	0	0	1
2022/08/19 13:20:13	0	0	0	0	0	0	1
2022/08/19 13:20:14	1	0	0	0	0	0	1
2022/08/19 13:20:15	2	0	0	0	0	0	1
2022/08/19 13:20:16	3	0	0	0	0	0	1
2022/08/19 13:20:17	0	0	0	0	0	0	1
2022/08/19 13:20:18	0	0	0	0	0	0	1
2022/08/19 13:20:19	0	0	0	0	0	0	1
2022/08/19 13:20:20	0	0	0	0	0	0	1
2022/08/19 13:20:21	2	0	0	0	0	0	1
2022/08/19 13:20:22	4	0	0	0	0	0	1
2022/08/19 13:20:23	0	0	0	0	0	0	1
2022/08/19 13:20:24	0	0	0	0	0	0	1
2022/08/19 13:20:25	0	0	0	0	0	0	1
2022/08/19 13:20:26	0	0	0	0	0	0	1
2022/08/19 13:20:27	1	0	0	0	0	0	1
2022/08/19 13:20:28	1	0	0	0	0	0	1
2022/08/19 13:20:29	1	0	0	0	0	0	1
2022/08/19 13:20:30	1	0	0	0	0	0	1
2022/08/19 13:20:31	3	0	0	0	0	0	1
2022/08/19 13:20:32	1	0	0	0	0	0	1
2022/08/19 13:20:33	1	0	0	0	0	0	1
2022/08/19 13:20:34	0	0	0	0	0	0	1
2022/08/19 13:20:35	0	0	0	0	0	0	1
2022/08/19 13:20:36	0	0	0	0	0	0	1
2022/08/19 13:20:37	1	0	0	0	0	0	1
2022/08/19 13:20:38	0	0	0	0	0	0	1
2022/08/19 13:20:39	0	0	0	0	0	0	1
2022/08/19 13:20:40	2	0	0	0	0	0	1
2022/08/19 13:20:41	1	0	0	0	0	0	1
2022/08/19 13:20:42	0	0	0	0	0	0	1
2022/08/19 13:20:43	1	0	0	0	0	0	1
2022/08/19 13:20:44	0	0	0	0	0	0	1
2022/08/19 13:20:45	1	0	0	0	0	0	1
2022/08/19 13:20:46	1	0	0	0	0	0	1
2022/08/19 13:20:47	0	0	0	0	0	0	1
2022/08/19 13:20:48	0	0	0	0	0	0	1
2022/08/19 13:20:49	0	0	0	0	0	0	1
2022/08/19 13:20:50	3	0	0	0	0	0	1
2022/08/19 13:20:51	2	0	0	0	0	0	1
2022/08/19 13:20:52	0	0	0	0	0	0	1
2022/08/19 13:20:53	0	0	0	0	0	0	1
2022/08/19 13:20:54	2	0	0	0	0	0	1
2022/08/19 13:20:55	1	0	0	0	0	0	1
2022/08/19 13:20:56	0	0	0	0	0	0	1
2022/08/19 13:20:57	0	0	0	0	0	0	1
2022/08/19 13:20:58	0	0	0	0	0	0	1
2022/08/19 13:20:59	2	0	0	0	0	0	1
2022/08/19 13:21:00	1	0	0	0	0	0	1
2022/08/19 13:21:01	0	0	0	0	0	0	1
2022/08/19 13:21:02	1	0	0	0	0	0	1
2022/08/19 13:21:03	1	0	0	0	0	0	1
2022/08/19 13:21:04	0	0	0	0	0	0	1
2022/08/19 13:21:05	2	0	0	0	0	0	1
2022/08/19 13:21:06	1	0	0	0	0	0	1
2022/08/19 13:21:07	0	0	0	0	0	0	1
2022/08/19 13:21:08	0	0	0	0	0	0	1
2022/08/19 13:21:09	0	0	0	0	0	0	1
2022/08/19 13:21:10	1	0	0	0	0	0	1
2022/08/19 13:21:11	1	0	0	0	0	0	1
2022/08/19 13:21:12	1	0	0	0	0	0	1
2022/08/19 13:21:13	0	0	0	0	0	0	1
2022/08/19 13:21:14	2	0	0	0	0	0	1
2022/08/19 13:21:15	1	0	0	0	0	0	1
2022/08/19 13:21:16	1	0	0	0	0	0	1
2022/08/19 13:21:17	0	0	0	0	0	0	1
2022/08/19 13:21:18	1	0	0	0	0	0	1
2022/08/19 13:21:19	1	0	0	0	0	0	1
2022/08/19 13:21:20	1	0	0	0	0	0	1
2022/08/19 13:21:21	0	0	0	0	0	0	1
2022/08/19 13:21:22	1	0	0	0	0	0	1
2022/08/19 13:21:23	0	0	0	0	0	0	1
2022/08/19 13:21:24	1	0	0	0	0	0	1
2022/08/19 13:21:25	2	0	0	0	0	0	1
2022/08/19 13:21:26	0	0	0	0	0	0	1
2022/08/19 13:21:27	1	0	0	0	0	0	1
2022/08/19 13:21:28	0	0	0	0	0	0	1
2022/08/19 13:21:29	0	0	0	0	0	0	1
2022/08/19 13:21:30	0	0	0	0	0	0	1
2022/08/19 13:21:31	2	0	0	0	0	0	1
2022/08/19 13:21:32	1	0	0	0	0	0	1
2022/08/19 13:21:33	0	0	0	0	0	0	1
2022/08/19 13:21:35	0	0	0	0	0	0	1
2022/08/19 13:21:36	1	0	0	0	0	0	1
2022/08/19 13:21:36	0	0	0	0	0	0	1
2022/08/19 13:21:37	0	0	0	0	0	0	1
2022/08/19 13:21:39	1	0	0	0	0	0	1
2022/08/19 13:21:40	1	0	0	0	0	0	1
2022/08/19 13:21:41	0	0	0	0	0	0	1
2022/08/19 13:21:41	0	0	0	0	0	0	1
2022/08/19 13:21:43	0	0	0	0	0	0	1
2022/08/19 13:21:44	0	0	0	0	0	0	1
2022/08/19 13:21:45	0	0	0	0	0	0	1
2022/08/19 13:21:45	2	0	0	0	0	0	1
2022/08/19 13:21:47	1	0	0	0	0	0	1
2022/08/19 13:21:47	0	0	0	0	0	0	1
2022/08/19 13:21:48	0	0	0	0	0	0	1
2022/08/19 13:21:50	1	0	0	0	0	0	1
2022/08/19 13:21:51	0	0	0	0	0	0	1
2022/08/19 13:21:51	1	0	0	0	0	0	1
2022/08/19 13:21:53	0	0	0	0	0	0	1
2022/08/19 13:21:53	2	0	0	0	0	0	1
2022/08/19 13:21:55	0	0	0	0	0	0	1
2022/08/19 13:21:56	1	0	0	0	0	0	1
2022/08/19 13:21:57	1	0	0	0	0	0	1
2022/08/19 13:21:58	0	0	0	0	0	0	1
2022/08/19 13:21:59	1	0	0	0	0	0	1
2022/08/19 13:22:00	0	0	0	0	0	0	1
2022/08/19 13:22:01	3	0	0	0	0	0	1
2022/08/19 13:22:04	1	0	0	0	0	0	1
2022/08/19 13:22:05	0	0	0	0	0	0	1
2022/08/19 13:22:06	1	0	0	0	0	0	1
2022/08/19 13:22:07	0	0	0	0	0	0	1
2022/08/19 13:22:08	1	0	0	0	0	0	1
2022/08/19 13:22:09	0	0	0	0	0	0	1
2022/08/19 13:22:10	1	0	0	0	0	0	1
2022/08/19 13:22:11	0	0	0	0	0	0	1
2022/08/19 13:22:12	0	0	0	0	0	0	1
2022/08/19 13:22:13	0	0	0	0	0	0	1
2022/08/19 13:22:14	0	0	0	0	0	0	1
2022/08/19 13:22:15	0	0	0	0	0	0	1
2022/08/19 13:22:16	0	1	60	17.9640718562874	0.0179640718562874	0.179640718562874	1
2022/08/19 13:22:17	1	1	60	17.9640718562874	0.0179640718562874	0.179640718562874	1
2022/08/19 13:22:18	0	1	60	17.9640718562874	0.0179640718562874	0.179640718562874	1
2022/08/19 13:22:19	2	0	0	0	0	0	1
2022/08/19 13:22:20	0	1	60	17.9640718562874	0.0179640718562874	0.179640718562874	1
2022/08/19 13:22:21	1	1	60	17.9640718562874	0.0179640718562874	0.179640718562874	1
2022/08/19 13:22:22	2	1	60	17.9640718562874	0.0179640718562874	0.179640718562874	1
2022/08/19 13:22:23	0	1	60	17.9640718562874	0.0179640718562874	0.179640718562874	1
2022/08/19 13:22:24	3	1	60	17.9640718562874	0.0179640718562874	0.179640718562874	1
2022/08/19 13:22:25	0	2	120	35.9281437125749	0.0359281437125748	0.359281437125749	1
2022/08/19 13:22:26	3	1	60	17.9640718562874	0.0179640718562874	0.179640718562874	1
2022/08/19 13:22:27	2	0	0	0	0	0	1
2022/08/19 13:22:28	1	0	0	0	0	0	1
2022/08/19 13:22:29	4	1	60	17.9640718562874	0.0179640718562874	0.179640718562874	1
2022/08/19 13:22:30	1	0	0	0	0	0	1
2022/08/19 13:22:31	0	0	0	0	0	0	1
2022/08/19 13:22:32	0	0	0	0	0	0	1
2022/08/19 13:22:33	0	2	120	35.9281437125749	0.0359281437125748	0.359281437125749	1
2022/08/19 13:22:34	1	0	0	0	0	0	1
2022/08/19 13:22:35	0	3	180	53.8922155688623	0.0538922155688623	0.538922155688623	1
2022/08/19 13:22:36	0	2	120	35.9281437125749	0.0359281437125748	0.359281437125749	1
2022/08/19 13:22:37	1	0	0	0	0	0	1
2022/08/19 13:22:38	0	0	0	0	0	0	1
2022/08/19 13:22:39	2	1	60	17.9640718562874	0.0179640718562874	0.179640718562874	1
2022/08/19 13:22:40	0	0	0	0	0	0	1
2022/08/19 13:22:41	2	1	60	17.9640718562874	0.0179640718562874	0.179640718562874	1
2022/08/19 13:22:42	1	0	0	0	0	0	1
2022/08/19 13:22:43	0	1	60	17.9640718562874	0.0179640718562874	0.179640718562874	1
2022/08/19 13:22:44	0	1	60	17.9640718562874	0.0179640718562874	0.179640718562874	1
2022/08/19 13:22:45	0	0	0	0	0	0	1
2022/08/19 13:22:46	0	0	0	0	0	0	1
2022/08/19 13:22:47	1	1	60	17.9640718562874	0.0179640718562874	0.179640718562874	1
2022/08/19 13:22:48	0	0	0	0	0	0	1
2022/08/19 13:22:49	1	1	60	17.9640718562874	0.0179640718562874	0.179640718562874	1
2022/08/19 13:22:50	0	0	0	0	0	0	1
2022/08/19 13:22:51	2	0	0	0	0	0	1
2022/08/19 13:22:52	2	1	60	17.9640718562874	0.0179640718562874	0.179640718562874	1
2022/08/19 13:22:53	0	1	60	17.9640718562874	0.0179640718562874	0.179640718562874	1
2022/08/19 13:22:54	1	0	0	0	0	0	1
2022/08/19 13:22:55	1	2	120	35.9281437125749	0.0359281437125748	0.359281437125749	1
2022/08/19 13:22:56	0	3	180	53.8922155688623	0.0538922155688623	0.538922155688623	1
2022/08/19 13:22:57	1	0	0	0	0	0	1
2022/08/19 13:22:58	1	1	60	17.9640718562874	0.0179640718562874	0.179640718562874	1
2022/08/19 13:22:59	0	0	0	0	0	0	1
2022/08/19 13:23:00	0	0	0	0	0	0	1
2022/08/19 13:23:01	0	1	60	17.9640718562874	0.0179640718562874	0.179640718562874	1
2022/08/19 13:23:02	0	1	60	17.9640718562874	0.0179640718562874	0.179640718562874	1
2022/08/19 13:23:03	0	1	60	17.9640718562874	0.0179640718562874	0.179640718562874	1
2022/08/19 13:23:04	0	0	0	0	0	0	1
2022/08/19 13:23:05	1	1	60	17.9640718562874	0.0179640718562874	0.179640718562874	1
2022/08/19 13:23:06	0	0	0	0	0	0	1
2022/08/19 13:23:07	1	3	180	53.8922155688623	0.0538922155688623	0.538922155688623	1
2022/08/19 13:23:08	1	0	0	0	0	0	1
2022/08/19 13:23:09	1	2	120	35.9281437125749	0.0359281437125748	0.359281437125749	1
2022/08/19 13:23:10	0	0	0	0	0	0	1
2022/08/19 13:23:11	1	1	60	17.9640718562874	0.0179640718562874	0.179640718562874	1
2022/08/19 13:23:12	0	0	0	0	0	0	1
2022/08/19 13:23:13	1	1	60	17.9640718562874	0.0179640718562874	0.179640718562874	1
2022/08/19 13:23:14	1	1	60	17.9640718562874	0.0179640718562874	0.179640718562874	1
2022/08/19 13:23:15	1	1	60	17.9640718562874	0.0179640718562874	0.179640718562874	1
2022/08/19 13:23:16	1	1	60	17.9640718562874	0.0179640718562874	0.179640718562874	1
2022/08/19 13:23:17	1	0	0	0	0	0	1
2022/08/19 13:23:18	2	0	0	0	0	0	1
2022/08/19 13:23:19	0	0	0	0	0	0	1
2022/08/19 13:23:20	0	0	0	0	0	0	1
2022/08/19 13:23:21	1	0	0	0	0	0	1
2022/08/19 13:23:22	0	0	0	0	0	0	1
2022/08/19 13:23:23	1	0	0	0	0	0	1
2022/08/19 13:23:24	1	2	120	35.9281437125749	0.0359281437125748	0.359281437125749	1
2022/08/19 13:23:25	1	0	0	0	0	0	1
2022/08/19 13:23:26	2	1	60	17.9640718562874	0.0179640718562874	0.179640718562874	1
2022/08/19 13:23:27	0	0	0	0	0	0	1
2022/08/19 13:23:28	0	0	0	0	0	0	1
2022/08/19 13:23:29	0	1	60	17.9640718562874	0.0179640718562874	0.179640718562874	1
2022/08/19 13:23:30	1	1	60	17.9640718562874	0.0179640718562874	0.179640718562874	1
2022/08/19 13:23:31	0	3	180	53.8922155688623	0.0538922155688623	0.538922155688623	1
2022/08/19 13:23:32	0	1	60	17.9640718562874	0.0179640718562874	0.179640718562874	1
2022/08/19 13:23:33	2	1	60	17.9640718562874	0.0179640718562874	0.179640718562874	1
2022/08/19 13:23:34	0	0	0	0	0	0	1
2022/08/19 13:23:35	0	2	120	35.9281437125749	0.0359281437125748	0.359281437125749	1
2022/08/19 13:23:36	1	0	0	0	0	0	1
2022/08/19 13:23:37	1	1	60	17.9640718562874	0.0179640718562874	0.179640718562874	1
2022/08/19 13:23:38	2	2	120	35.9281437125749	0.0359281437125748	0.359281437125749	1
2022/08/19 13:23:39	1	0	0	0	0	0	1
2022/08/19 13:23:40	1	0	0	0	0	0	1
2022/08/19 13:23:41	0	0	0	0	0	0	1
2022/08/19 13:23:42	1	0	0	0	0	0	1
2022/08/19 13:23:43	3	2	120	35.9281437125749	0.0359281437125748	0.359281437125749	1
2022/08/19 13:23:44	0	1	60	17.9640718562874	0.0179640718562874	0.179640718562874	1
2022/08/19 13:23:45	1	2	120	35.9281437125749	0.0359281437125748	0.359281437125749	1
2022/08/19 13:23:46	0	0	0	0	0	0	1
2022/08/19 13:23:47	0	1	60	17.9640718562874	0.0179640718562874	0.179640718562874	1
2022/08/19 13:23:48	0	0	0	0	0	0	1
2022/08/19 13:23:49	1	1	60	17.9640718562874	0.0179640718562874	0.179640718562874	1
2022/08/19 13:23:50	2	1	60	17.9640718562874	0.0179640718562874	0.179640718562874	1
2022/08/19 13:23:51	3	1	60	17.9640718562874	0.0179640718562874	0.179640718562874	1
2022/08/19 13:23:52	0	0	0	0	0	0	1
2022/08/19 13:23:53	1	0	0	0	0	0	1
2022/08/19 13:23:54	2	0	0	0	0	0	1
2022/08/19 13:23:55	0	0	0	0	0	0	1
2022/08/19 13:23:56	1	2	120	35.9281437125749	0.0359281437125748	0.359281437125749	1
2022/08/19 13:23:57	2	1	60	17.9640718562874	0.0179640718562874	0.179640718562874	1
2022/08/19 13:23:58	1	0	0	0	0	0	1
2022/08/19 13:23:59	1	0	0	0	0	0	1
2022/08/19 13:24:00	1	2	120	35.9281437125749	0.0359281437125748	0.359281437125749	1
2022/08/19 13:24:01	1	1	60	17.9640718562874	0.0179640718562874	0.179640718562874	1
2022/08/19 13:24:02	1	0	0	0	0	0	1
2022/08/19 13:24:03	0	1	60	17.9640718562874	0.0179640718562874	0.179640718562874	1
2022/08/19 13:24:04	0	2	120	35.9281437125749	0.0359281437125748	0.359281437125749	1
2022/08/19 13:24:05	0	1	60	17.9640718562874	0.0179640718562874	0.179640718562874	1
2022/08/19 13:24:06	0	0	0	0	0	0	1
2022/08/19 13:24:07	0	1	60	17.9640718562874	0.0179640718562874	0.179640718562874	1
2022/08/19 13:24:08	1	1	60	17.9640718562874	0.0179640718562874	0.179640718562874	1
2022/08/19 13:24:09	0	2	120	35.9281437125749	0.0359281437125748	0.359281437125749	1
2022/08/19 13:24:10	0	3	180	53.8922155688623	0.0538922155688623	0.538922155688623	1
2022/08/19 13:24:11	1	0	0	0	0	0	1
2022/08/19 13:24:12	0	2	120	35.9281437125749	0.0359281437125748	0.359281437125749	1
2022/08/19 13:24:13	1	1	60	17.9640718562874	0.0179640718562874	0.179640718562874	1
2022/08/19 13:24:14	1	0	0	0	0	0	1
2022/08/19 13:24:15	2	1	60	17.9640718562874	0.0179640718562874	0.179640718562874	1
2022/08/19 13:24:16	0	2	120	35.9281437125749	0.0359281437125748	0.359281437125749	1
2022/08/19 13:24:17	0	1	60	17.9640718562874	0.0179640718562874	0.179640718562874	1
2022/08/19 13:24:18	0	0	0	0	0	0	1
2022/08/19 13:24:19	0	1	60	17.9640718562874	0.0179640718562874	0.179640718562874	1
2022/08/19 13:24:20	0	1	60	17.9640718562874	0.0179640718562874	0.179640718562874	1
2022/08/19 13:24:21	0	1	60	17.9640718562874	0.0179640718562874	0.179640718562874	1
2022/08/19 13:24:22	1	0	0	0	0	0	1
2022/08/19 13:24:23	0	0	0	0	0	0	1
2022/08/19 13:24:24	0	0	0	0	0	0	1
2022/08/19 13:24:25	0	0	0	0	0	0	1
2022/08/19 13:24:26	0	1	60	17.9640718562874	0.0179640718562874	0.179640718562874	1
2022/08/19 13:24:27	1	2	120	35.9281437125749	0.0359281437125748	0.359281437125749	1
2022/08/19 13:24:28	1	2	120	35.9281437125749	0.0359281437125748	0.359281437125749	1
2022/08/19 13:24:29	1	4	240	71.8562874251497	0.0718562874251497	0.718562874251497	1
2022/08/19 13:24:30	1	0	0	0	0	0	1
2022/08/19 13:24:31	3	1	60	17.9640718562874	0.0179640718562874	0.179640718562874	1
2022/08/19 13:24:32	0	1	60	17.9640718562874	0.0179640718562874	0.179640718562874	1
2022/08/19 13:24:33	0	1	60	17.9640718562874	0.0179640718562874	0.179640718562874	1
2022/08/19 13:24:34	0	2	120	35.9281437125749	0.0359281437125748	0.359281437125749	1
2022/08/19 13:24:35	0	0	0	0	0	0	1
2022/08/19 13:24:36	1	1	60	17.9640718562874	0.0179640718562874	0.179640718562874	1
2022/08/19 13:24:37	4	0	0	0	0	0	1
2022/08/19 13:24:38	1	1	60	17.9640718562874	0.0179640718562874	0.179640718562874	1
2022/08/19 13:24:39	1	0	0	0	0	0	1
2022/08/19 13:24:40	0	1	60	17.9640718562874	0.0179640718562874	0.179640718562874	1
2022/08/19 13:24:41	2	1	60	17.9640718562874	0.0179640718562874	0.179640718562874	1
2022/08/19 13:24:42	0	0	0	0	0	0	1
2022/08/19 13:24:43	3	0	0	0	0	0	1
2022/08/19 13:24:44	0	0	0	0	0	0	1
2022/08/19 13:24:45	1	1	60	17.9640718562874	0.0179640718562874	0.179640718562874	1
2022/08/19 13:24:46	0	1	60	17.9640718562874	0.0179640718562874	0.179640718562874	1
2022/08/19 13:24:47	2	1	60	17.9640718562874	0.0179640718562874	0.179640718562874	1
2022/08/19 13:24:48	2	0	0	0	0	0	1
2022/08/19 13:24:49	3	1	60	17.9640718562874	0.0179640718562874	0.179640718562874	1
2022/08/19 13:24:50	0	0	0	0	0	0	1
2022/08/19 13:24:51	0	0	0	0	0	0	1
2022/08/19 13:24:52	0	0	0	0	0	0	1
2022/08/19 13:24:53	0	0	0	0	0	0	1
2022/08/19 13:24:54	1	1	60	17.9640718562874	0.0179640718562874	0.179640718562874	1
2022/08/19 13:24:55	0	2	120	35.9281437125749	0.0359281437125748	0.359281437125749	1
2022/08/19 13:24:56	0	3	180	53.8922155688623	0.0538922155688623	0.538922155688623	1
2022/08/19 13:24:57	0	0	0	0	0	0	1
2022/08/19 13:24:58	2	0	0	0	0	0	1
2022/08/19 13:24:59	2	0	0	0	0	0	1
2022/08/19 13:25:00	0	0	0	0	0	0	1
2022/08/19 13:25:01	0	2	120	35.9281437125749	0.0359281437125748	0.359281437125749	1
2022/08/19 13:25:02	1	4	240	71.8562874251497	0.0718562874251497	0.718562874251497	1
2022/08/19 13:25:03	0	0	0	0	0	0	1
2022/08/19 13:25:04	1	0	0	0	0	0	1
2022/08/19 13:25:05	0	0	0	0	0	0	1
2022/08/19 13:25:06	0	0	0	0	0	0	1
2022/08/19 13:25:07	0	1	60	17.9640718562874	0.0179640718562874	0.179640718562874	1
2022/08/19 13:25:08	0	1	60	17.9640718562874	0.0179640718562874	0.179640718562874	1
2022/08/19 13:25:09	0	1	60	17.9640718562874	0.0179640718562874	0.179640718562874	1
2022/08/19 13:25:10	2	1	60	17.9640718562874	0.0179640718562874	0.179640718562874	1
2022/08/19 13:25:11	0	3	180	53.8922155688623	0.0538922155688623	0.538922155688623	1
2022/08/19 13:25:12	0	1	60	17.9640718562874	0.0179640718562874	0.179640718562874	1
2022/08/19 13:25:13	1	1	60	17.9640718562874	0.0179640718562874	0.179640718562874	1
2022/08/19 13:25:14	0	0	0	0	0	0	1
2022/08/19 13:25:15	0	0	0	0	0	0	1
2022/08/19 13:25:16	1	0	0	0	0	0	1
2022/08/19 13:25:17	1	1	60	17.9640718562874	0.0179640718562874	0.179640718562874	1
2022/08/19 13:25:18	0	0	0	0	0	0	1
2022/08/19 13:25:19	0	0	0	0	0	0	1
2022/08/19 13:25:20	1	2	120	35.9281437125749	0.0359281437125748	0.359281437125749	1
2022/08/19 13:25:21	1	1	60	17.9640718562874	0.0179640718562874	0.179640718562874	1
2022/08/19 13:25:22	2	0	0	0	0	0	1
2022/08/19 13:25:23	0	1	60	17.9640718562874	0.0179640718562874	0.179640718562874	1
2022/08/19 13:25:24	3	0	0	0	0	0	1
2022/08/19 13:25:25	1	1	60	17.9640718562874	0.0179640718562874	0.179640718562874	1
2022/08/19 13:25:26	0	1	60	17.9640718562874	0.0179640718562874	0.179640718562874	1
2022/08/19 13:25:27	0	0	0	0	0	0	1
2022/08/19 13:25:28	1	0	0	0	0	0	1
2022/08/19 13:25:29	1	0	0	0	0	0	1
2022/08/19 13:25:30	0	3	180	53.8922155688623	0.0538922155688623	0.538922155688623	1
2022/08/19 13:25:31	0	2	120	35.9281437125749	0.0359281437125748	0.359281437125749	1
2022/08/19 13:25:32	1	0	0	0	0	0	1
2022/08/19 13:25:33	0	0	0	0	0	0	1
2022/08/19 13:25:34	0	2	120	35.9281437125749	0.0359281437125748	0.359281437125749	1
2022/08/19 13:25:35	0	1	60	17.9640718562874	0.0179640718562874	0.179640718562874	1
2022/08/19 13:25:36	0	0	0	0	0	0	1
2022/08/19 13:25:37	1	0	0	0	0	0	1
2022/08/19 13:25:38	0	0	0	0	0	0	1
2022/08/19 13:25:39	0	2	120	35.9281437125749	0.0359281437125748	0.359281437125749	1
2022/08/19 13:25:40	0	1	60	17.9640718562874	0.0179640718562874	0.179640718562874	1
2022/08/19 13:25:41	0	0	0	0	0	0	1
2022/08/19 13:25:42	1	1	60	17.9640718562874	0.0179640718562874	0.179640718562874	1
2022/08/19 13:25:43	1	1	60	17.9640718562874	0.0179640718562874	0.179640718562874	1
2022/08/19 13:25:44	0	0	0	0	0	0	1
2022/08/19 13:25:45	2	2	120	35.9281437125749	0.0359281437125748	0.359281437125749	1
2022/08/19 13:25:46	1	1	60	17.9640718562874	0.0179640718562874	0.179640718562874	1
2022/08/19 13:25:47	1	0	0	0	0	0	1
2022/08/19 13:25:48	1	0	0	0	0	0	1
2022/08/19 13:25:49	0	0	0	0	0	0	1
2022/08/19 13:25:50	1	1	60	17.9640718562874	0.0179640718562874	0.179640718562874	1
2022/08/19 13:25:51	1	1	60	17.9640718562874	0.0179640718562874	0.179640718562874	1
2022/08/19 13:25:52	0	1	60	17.9640718562874	0.0179640718562874	0.179640718562874	1
2022/08/19 13:25:53	0	0	0	0	0	0	1
2022/08/19 13:25:54	1	2	120	35.9281437125749	0.0359281437125748	0.359281437125749	1
2022/08/19 13:25:55	0	1	60	17.9640718562874	0.0179640718562874	0.179640718562874	1
2022/08/19 13:25:56	0	1	60	17.9640718562874	0.0179640718562874	0.179640718562874	1
2022/08/19 13:25:57	0	0	0	0	0	0	1
2022/08/19 13:25:58	0	1	60	17.9640718562874	0.0179640718562874	0.179640718562874	1
2022/08/19 13:25:59	0	1	60	17.9640718562874	0.0179640718562874	0.179640718562874	1
2022/08/19 13:26:00	2	1	60	17.9640718562874	0.0179640718562874	0.179640718562874	1
2022/08/19 13:26:01	1	0	0	0	0	0	1
2022/08/19 13:26:02	2	1	60	17.9640718562874	0.0179640718562874	0.179640718562874	1
2022/08/19 13:26:03	1	0	0	0	0	0	1
2022/08/19 13:26:04	0	1	60	17.9640718562874	0.0179640718562874	0.179640718562874	1
2022/08/19 13:26:05	2	2	120	35.9281437125749	0.0359281437125748	0.359281437125749	1
2022/08/19 13:26:06	2	0	0	0	0	0	1
2022/08/19 13:26:07	0	1	60	17.9640718562874	0.0179640718562874	0.179640718562874	1
2022/08/19 13:26:08	2	0	0	0	0	0	1
2022/08/19 13:26:09	1	0	0	0	0	0	1
2022/08/19 13:26:10	1	0	0	0	0	0	1
2022/08/19 13:26:11	0	2	120	35.9281437125749	0.0359281437125748	0.359281437125749	1
2022/08/19 13:26:12	0	1	60	17.9640718562874	0.0179640718562874	0.179640718562874	1
2022/08/19 13:26:13	0	0	0	0	0	0	1
2022/08/19 13:26:14	1	0	0	0	0	0	1
2022/08/19 13:26:15	0	1	60	17.9640718562874	0.0179640718562874	0.179640718562874	0
2022/08/19 13:26:16	0	0	0	0	0	0	0
2022/08/19 13:26:17	0	0	0	0	0	0	0
2022/08/19 13:26:18	0	1	60	17.9640718562874	0.0179640718562874	0.179640718562874	0
2022/08/19 13:26:19	0	1	60	17.9640718562874	0.0179640718562874	0.179640718562874	0
2022/08/19 13:26:20	0	0	0	0	0	0	0
2022/08/19 13:26:21	0	0	0	0	0	0	0
2022/08/19 13:26:22	0	0	0	0	0	0	0
2022/08/19 13:26:23	0	0	0	0	0	0	0
2022/08/19 13:26:24	0	0	0	0	0	0	0
2022/08/19 13:26:25	0	2	120	35.9281437125749	0.0359281437125748	0.359281437125749	0
2022/08/19 13:26:26	0	1	60	17.9640718562874	0.0179640718562874	0.179640718562874	0
2022/08/19 13:26:27	0	0	0	0	0	0	0
2022/08/19 13:26:28	0	0	0	0	0	0	0
2022/08/19 13:26:29	0	1	60	17.9640718562874	0.0179640718562874	0.179640718562874	0
2022/08/19 13:26:30	0	0	0	0	0	0	0
2022/08/19 13:26:31	0	1	60	17.9640718562874	0.0179640718562874	0.179640718562874	0
2022/08/19 13:26:32	0	0	0	0	0	0	0
2022/08/19 13:26:33	0	2	120	35.9281437125749	0.0359281437125748	0.359281437125749	0
2022/08/19 13:26:34	0	0	0	0	0	0	0
2022/08/19 13:26:35	0	1	60	17.9640718562874	0.0179640718562874	0.179640718562874	0
2022/08/19 13:26:36	0	1	60	17.9640718562874	0.0179640718562874	0.179640718562874	0
2022/08/19 13:26:37	0	0	0	0	0	0	0
2022/08/19 13:26:38	0	1	60	17.9640718562874	0.0179640718562874	0.179640718562874	0
2022/08/19 13:26:39	0	0	0	0	0	0	0
2022/08/19 13:26:40	0	3	180	53.8922155688623	0.0538922155688623	0.538922155688623	0
2022/08/19 13:26:41	0	1	60	17.9640718562874	0.0179640718562874	0.179640718562874	0
2022/08/19 13:26:42	0	0	0	0	0	0	0
2022/08/19 13:26:43	0	1	60	17.9640718562874	0.0179640718562874	0.179640718562874	0
2022/08/19 13:26:44	0	0	0	0	0	0	0
2022/08/19 13:26:45	0	1	60	17.9640718562874	0.0179640718562874	0.179640718562874	0
2022/08/19 13:26:46	0	0	0	0	0	0	0
2022/08/19 13:26:47	0	1	60	17.9640718562874	0.0179640718562874	0.179640718562874	0
2022/08/19 13:26:48	0	0	0	0	0	0	0
2022/08/19 13:26:49	0	0	0	0	0	0	0
2022/08/19 13:26:50	0	0	0	0	0	0	0
2022/08/19 13:26:51	0	0	0	0	0	0	0
2022/08/19 13:26:52	0	0	0	0	0	0	0
2022/08/19 13:26:53	0	0	0	0	0	0	0
2022/08/19 13:26:54	0	1	60	17.9640718562874	0.0179640718562874	0.179640718562874	0
2022/08/19 13:26:55	0	0	0	0	0	0	0
2022/08/19 13:26:56	0	2	120	35.9281437125749	0.0359281437125748	0.359281437125749	0
2022/08/19 13:26:57	0	0	0	0	0	0	0
2022/08/19 13:26:58	0	1	60	17.9640718562874	0.0179640718562874	0.179640718562874	0
2022/08/19 13:26:59	0	2	120	35.9281437125749	0.0359281437125748	0.359281437125749	0
2022/08/19 13:27:00	0	0	0	0	0	0	0
2022/08/19 13:27:01	0	3	180	53.8922155688623	0.0538922155688623	0.538922155688623	0
2022/08/19 13:27:02	0	0	0	0	0	0	0
2022/08/19 13:27:03	0	3	180	53.8922155688623	0.0538922155688623	0.538922155688623	0
2022/08/19 13:27:04	0	2	120	35.9281437125749	0.0359281437125748	0.359281437125749	0
2022/08/19 13:27:05	0	1	60	17.9640718562874	0.0179640718562874	0.179640718562874	0
2022/08/19 13:27:06	0	4	240	71.8562874251497	0.0718562874251497	0.718562874251497	0
2022/08/19 13:27:07	0	1	60	17.9640718562874	0.0179640718562874	0.179640718562874	0
2022/08/19 13:27:08	0	0	0	0	0	0	0
2022/08/19 13:27:09	0	0	0	0	0	0	0
2022/08/19 13:27:10	0	0	0	0	0	0	0
2022/08/19 13:27:11	0	1	60	17.9640718562874	0.0179640718562874	0.179640718562874	0
2022/08/19 13:27:12	0	0	0	0	0	0	0
2022/08/19 13:27:13	0	0	0	0	0	0	0
2022/08/19 13:27:14	0	1	60	17.9640718562874	0.0179640718562874	0.179640718562874	0
2022/08/19 13:27:15	0	0	0	0	0	0	0
2022/08/19 13:27:16	0	2	120	35.9281437125749	0.0359281437125748	0.359281437125749	0
2022/08/19 13:27:17	0	0	0	0	0	0	0
2022/08/19 13:27:18	0	2	120	35.9281437125749	0.0359281437125748	0.359281437125749	0
2022/08/19 13:27:19	0	1	60	17.9640718562874	0.0179640718562874	0.179640718562874	0
2022/08/19 13:27:20	0	0	0	0	0	0	0
2022/08/19 13:27:21	0	0	0	0	0	0	0
2022/08/19 13:27:22	0	0	0	0	0	0	0
2022/08/19 13:27:23	0	0	0	0	0	0	0
2022/08/19 13:27:24	0	1	60	17.9640718562874	0.0179640718562874	0.179640718562874	0
2022/08/19 13:27:25	0	0	0	0	0	0	0
2022/08/19 13:27:26	0	1	60	17.9640718562874	0.0179640718562874	0.179640718562874	0
2022/08/19 13:27:27	0	0	0	0	0	0	0
2022/08/19 13:27:28	0	2	120	35.9281437125749	0.0359281437125748	0.359281437125749	0
2022/08/19 13:27:29	0	2	120	35.9281437125749	0.0359281437125748	0.359281437125749	0
2022/08/19 13:27:30	0	0	0	0	0	0	0
2022/08/19 13:27:31	0	1	60	17.9640718562874	0.0179640718562874	0.179640718562874	0
2022/08/19 13:27:32	0	1	60	17.9640718562874	0.0179640718562874	0.179640718562874	0
2022/08/19 13:27:33	0	0	0	0	0	0	0
2022/08/19 13:27:34	0	1	60	17.9640718562874	0.0179640718562874	0.179640718562874	0
2022/08/19 13:27:35	0	1	60	17.9640718562874	0.0179640718562874	0.179640718562874	0
2022/08/19 13:27:36	0	0	0	0	0	0	0
2022/08/19 13:27:37	0	0	0	0	0	0	0
2022/08/19 13:27:38	0	0	0	0	0	0	0
2022/08/19 13:27:39	0	0	0	0	0	0	0
2022/08/19 13:27:40	0	0	0	0	0	0	0
2022/08/19 13:27:41	0	0	0	0	0	0	0
2022/08/19 13:27:42	0	1	60	17.9640718562874	0.0179640718562874	0.179640718562874	0
2022/08/19 13:27:43	0	0	0	0	0	0	0
2022/08/19 13:27:44	0	1	60	17.9640718562874	0.0179640718562874	0.179640718562874	0
2022/08/19 13:27:45	0	1	60	17.9640718562874	0.0179640718562874	0.179640718562874	0
2022/08/19 13:27:46	0	1	60	17.9640718562874	0.0179640718562874	0.179640718562874	0
2022/08/19 13:27:47	0	0	0	0	0	0	0
2022/08/19 13:27:48	0	1	60	17.9640718562874	0.0179640718562874	0.179640718562874	0
2022/08/19 13:27:49	0	0	0	0	0	0	0
2022/08/19 13:27:50	0	1	60	17.9640718562874	0.0179640718562874	0.179640718562874	0
2022/08/19 13:27:51	0	1	60	17.9640718562874	0.0179640718562874	0.179640718562874	0
2022/08/19 13:27:52	0	1	60	17.9640718562874	0.0179640718562874	0.179640718562874	0
2022/08/19 13:27:53	0	1	60	17.9640718562874	0.0179640718562874	0.179640718562874	0
2022/08/19 13:27:54	0	1	60	17.9640718562874	0.0179640718562874	0.179640718562874	0
2022/08/19 13:27:55	0	2	120	35.9281437125749	0.0359281437125748	0.359281437125749	0
2022/08/19 13:27:56	0	0	0	0	0	0	0
2022/08/19 13:27:57	0	0	0	0	0	0	0
2022/08/19 13:27:58	0	1	60	17.9640718562874	0.0179640718562874	0.179640718562874	0
2022/08/19 13:27:59	0	0	0	0	0	0	0
2022/08/19 13:28:00	0	1	60	17.9640718562874	0.0179640718562874	0.179640718562874	0
2022/08/19 13:28:01	0	1	60	17.9640718562874	0.0179640718562874	0.179640718562874	0
2022/08/19 13:28:02	0	1	60	17.9640718562874	0.0179640718562874	0.179640718562874	0
2022/08/19 13:28:03	0	2	120	35.9281437125749	0.0359281437125748	0.359281437125749	0
2022/08/19 13:28:04	0	0	0	0	0	0	0
2022/08/19 13:28:05	0	0	0	0	0	0	0
2022/08/19 13:28:06	0	0	0	0	0	0	0
2022/08/19 13:28:07	0	1	60	17.9640718562874	0.0179640718562874	0.179640718562874	0
2022/08/19 13:28:08	0	0	0	0	0	0	0
2022/08/19 13:28:09	0	0	0	0	0	0	0
2022/08/19 13:28:10	0	2	120	35.9281437125749	0.0359281437125748	0.359281437125749	0
2022/08/19 13:28:11	0	0	0	0	0	0	0
2022/08/19 13:28:12	0	0	0	0	0	0	0
2022/08/19 13:28:13	0	1	60	17.9640718562874	0.0179640718562874	0.179640718562874	0
2022/08/19 13:28:14	0	1	60	17.9640718562874	0.0179640718562874	0.179640718562874	0
2022/08/19 13:28:15	0	2	120	35.9281437125749	0.0359281437125748	0.359281437125749	0
2022/08/19 13:28:16	0	1	60	17.9640718562874	0.0179640718562874	0.179640718562874	0
2022/08/19 13:28:17	0	1	60	17.9640718562874	0.0179640718562874	0.179640718562874	0
2022/08/19 13:28:18	0	0	0	0	0	0	0
2022/08/19 13:28:19	0	1	60	17.9640718562874	0.0179640718562874	0.179640718562874	0
2022/08/19 13:28:20	0	3	180	53.8922155688623	0.0538922155688623	0.538922155688623	0
2022/08/19 13:28:21	0	0	0	0	0	0	0
2022/08/19 13:28:22	0	1	60	17.9640718562874	0.0179640718562874	0.179640718562874	0
2022/08/19 13:28:23	0	0	0	0	0	0	0
2022/08/19 13:28:24	0	0	0	0	0	0	0
2022/08/19 13:28:25	0	0	0	0	0	0	0
2022/08/19 13:28:26	0	1	60	17.9640718562874	0.0179640718562874	0.179640718562874	0
2022/08/19 13:28:27	0	2	120	35.9281437125749	0.0359281437125748	0.359281437125749	0
2022/08/19 13:28:28	0	3	180	53.8922155688623	0.0538922155688623	0.538922155688623	0
2022/08/19 13:28:29	0	0	0	0	0	0	0
2022/08/19 13:28:30	0	1	60	17.9640718562874	0.0179640718562874	0.179640718562874	0
2022/08/19 13:28:31	0	2	120	35.9281437125749	0.0359281437125748	0.359281437125749	0
2022/08/19 13:28:32	0	0	0	0	0	0	0
2022/08/19 13:28:33	0	1	60	17.9640718562874	0.0179640718562874	0.179640718562874	0
2022/08/19 13:28:34	0	2	120	35.9281437125749	0.0359281437125748	0.359281437125749	0
2022/08/19 13:28:35	0	1	60	17.9640718562874	0.0179640718562874	0.179640718562874	0
2022/08/19 13:28:36	0	1	60	17.9640718562874	0.0179640718562874	0.179640718562874	0
2022/08/19 13:28:37	0	1	60	17.9640718562874	0.0179640718562874	0.179640718562874	0
2022/08/19 13:28:38	0	1	60	17.9640718562874	0.0179640718562874	0.179640718562874	0
2022/08/19 13:28:39	0	1	60	17.9640718562874	0.0179640718562874	0.179640718562874	0
2022/08/19 13:28:40	0	0	0	0	0	0	0
2022/08/19 13:28:41	0	0	0	0	0	0	0
2022/08/19 13:28:42	0	0	0	0	0	0	0
2022/08/19 13:28:43	0	0	0	0	0	0	0
2022/08/19 13:28:44	0	0	0	0	0	0	0
2022/08/19 13:28:45	0	1	60	17.9640718562874	0.0179640718562874	0.179640718562874	0
2022/08/19 13:28:46	0	0	0	0	0	0	0
2022/08/19 13:28:47	0	0	0	0	0	0	0
2022/08/19 13:28:48	0	1	60	17.9640718562874	0.0179640718562874	0.179640718562874	0
2022/08/19 13:28:49	0	0	0	0	0	0	0
2022/08/19 13:28:50	0	1	60	17.9640718562874	0.0179640718562874	0.179640718562874	0
2022/08/19 13:28:51	0	1	60	17.9640718562874	0.0179640718562874	0.179640718562874	0
2022/08/19 13:28:52	0	2	120	35.9281437125749	0.0359281437125748	0.359281437125749	0
2022/08/19 13:28:53	0	0	0	0	0	0	0
2022/08/19 13:28:54	0	0	0	0	0	0	0
2022/08/19 13:28:55	0	0	0	0	0	0	0
2022/08/19 13:28:56	0	0	0	0	0	0	0
2022/08/19 13:28:57	0	0	0	0	0	0	0
2022/08/19 13:28:58	0	0	0	0	0	0	0
2022/08/19 13:28:59	0	1	60	17.9640718562874	0.0179640718562874	0.179640718562874	0
2022/08/19 13:29:00	0	0	0	0	0	0	0
2022/08/19 13:29:01	0	0	0	0	0	0	0
2022/08/19 13:29:02	0	0	0	0	0	0	0
2022/08/19 13:29:03	0	0	0	0	0	0	0
2022/08/19 13:29:04	0	1	60	17.9640718562874	0.0179640718562874	0.179640718562874	0
2022/08/19 13:29:05	0	1	60	17.9640718562874	0.0179640718562874	0.179640718562874	0
2022/08/19 13:29:06	0	1	60	17.9640718562874	0.0179640718562874	0.179640718562874	0
2022/08/19 13:29:07	0	1	60	17.9640718562874	0.0179640718562874	0.179640718562874	0
2022/08/19 13:29:08	0	3	180	53.8922155688623	0.0538922155688623	0.538922155688623	0
2022/08/19 13:29:09	0	0	0	0	0	0	0
2022/08/19 13:29:10	0	0	0	0	0	0	0
2022/08/19 13:29:11	0	0	0	0	0	0	0
2022/08/19 13:29:12	0	0	0	0	0	0	0
2022/08/19 13:29:13	0	1	60	17.9640718562874	0.0179640718562874	0.179640718562874	0
2022/08/19 13:29:14	0	4	240	71.8562874251497	0.0718562874251497	0.718562874251497	0
2022/08/19 13:29:15	0	1	60	17.9640718562874	0.0179640718562874	0.179640718562874	0
2022/08/19 13:29:16	0	1	60	17.9640718562874	0.0179640718562874	0.179640718562874	0
2022/08/19 13:29:17	0	0	0	0	0	0	0
2022/08/19 13:29:18	0	2	120	35.9281437125749	0.0359281437125748	0.359281437125749	0
2022/08/19 13:29:19	0	0	0	0	0	0	0
2022/08/19 13:29:20	0	3	180	53.8922155688623	0.0538922155688623	0.538922155688623	0
2022/08/19 13:29:21	0	0	0	0	0	0	0
2022/08/19 13:29:22	0	1	60	17.9640718562874	0.0179640718562874	0.179640718562874	0
2022/08/19 13:29:23	0	0	0	0	0	0	0
2022/08/19 13:29:24	0	2	120	35.9281437125749	0.0359281437125748	0.359281437125749	0
2022/08/19 13:29:25	0	2	120	35.9281437125749	0.0359281437125748	0.359281437125749	0
2022/08/19 13:29:26	0	3	180	53.8922155688623	0.0538922155688623	0.538922155688623	0
2022/08/19 13:29:27	0	0	0	0	0	0	0
2022/08/19 13:29:28	0	0	0	0	0	0	0
2022/08/19 13:29:29	0	0	0	0	0	0	0
2022/08/19 13:29:30	0	0	0	0	0	0	0
2022/08/19 13:29:31	0	1	60	17.9640718562874	0.0179640718562874	0.179640718562874	0
2022/08/19 13:29:32	0	0	0	0	0	0	0
2022/08/19 13:29:33	0	0	0	0	0	0	0
2022/08/19 13:29:34	0	0	0	0	0	0	0
2022/08/19 13:29:35	0	2	120	35.9281437125749	0.0359281437125748	0.359281437125749	0
2022/08/19 13:29:36	0	2	120	35.9281437125749	0.0359281437125748	0.359281437125749	0
2022/08/19 13:29:37	0	0	0	0	0	0	0
2022/08/19 13:29:38	0	0	0	0	0	0	0
2022/08/19 13:29:39	0	1	60	17.9640718562874	0.0179640718562874	0.179640718562874	0
2022/08/19 13:29:40	0	0	0	0	0	0	0
2022/08/19 13:29:41	0	1	60	17.9640718562874	0.0179640718562874	0.179640718562874	0
2022/08/19 13:29:42	0	0	0	0	0	0	0
2022/08/19 13:29:43	0	0	0	0	0	0	0
2022/08/19 13:29:44	0	0	0	0	0	0	0
2022/08/19 13:29:45	0	0	0	0	0	0	0
2022/08/19 13:29:46	0	0	0	0	0	0	0
2022/08/19 13:29:47	0	2	120	35.9281437125749	0.0359281437125748	0.359281437125749	0
2022/08/19 13:29:48	0	0	0	0	0	0	0
2022/08/19 13:29:49	0	0	0	0	0	0	0
2022/08/19 13:29:50	0	1	60	17.9640718562874	0.0179640718562874	0.179640718562874	0
2022/08/19 13:29:51	0	0	0	0	0	0	0
2022/08/19 13:29:52	0	0	0	0	0	0	0
2022/08/19 13:29:53	0	1	60	17.9640718562874	0.0179640718562874	0.179640718562874	0
2022/08/19 13:29:54	0	1	60	17.9640718562874	0.0179640718562874	0.179640718562874	0
2022/08/19 13:29:55	0	0	0	0	0	0	0
2022/08/19 13:29:56	0	0	0	0	0	0	0
2022/08/19 13:29:57	0	1	60	17.9640718562874	0.0179640718562874	0.179640718562874	0
2022/08/19 13:29:58	0	1	60	17.9640718562874	0.0179640718562874	0.179640718562874	0
2022/08/19 13:29:59	0	2	120	35.9281437125749	0.0359281437125748	0.359281437125749	0
2022/08/19 13:30:00	0	0	0	0	0	0	0
2022/08/19 13:30:01	0	3	180	53.8922155688623	0.0538922155688623	0.538922155688623	0
2022/08/19 13:30:02	0	1	60	17.9640718562874	0.0179640718562874	0.179640718562874	0
2022/08/19 13:30:03	0	0	0	0	0	0	0
2022/08/19 13:30:04	0	0	0	0	0	0	0
2022/08/19 13:30:05	0	1	60	17.9640718562874	0.0179640718562874	0.179640718562874	0
2022/08/19 13:30:06	0	1	60	17.9640718562874	0.0179640718562874	0.179640718562874	0
2022/08/19 13:30:07	0	0	0	0	0	0	0
2022/08/19 13:30:08	0	0	0	0	0	0	0
2022/08/19 13:30:09	0	1	60	17.9640718562874	0.0179640718562874	0.179640718562874	0
2022/08/19 13:30:10	0	0	0	0	0	0	0
2022/08/19 13:30:11	0	0	0	0	0	0	0
2022/08/19 13:30:12	0	0	0	0	0	0	0
2022/08/19 13:30:13	0	0	0	0	0	0	0
2022/08/19 13:30:14	0	1	60	17.9640718562874	0.0179640718562874	0.179640718562874	0
2022/08/19 13:30:15	0	0	0	0	0	0	0
2022/08/19 13:30:16	0	0	0	0	0	0	0
2022/08/19 13:30:17	0	0	0	0	0	0	0
2022/08/19 13:30:18	0	0	0	0	0	0	0
2022/08/19 13:30:19	0	1	60	17.9640718562874	0.0179640718562874	0.179640718562874	0
2022/08/19 13:30:20	0	1	60	17.9640718562874	0.0179640718562874	0.179640718562874	0
2022/08/19 13:30:21	0	0	0	0	0	0	0
2022/08/19 13:30:22	0	2	120	35.9281437125749	0.0359281437125748	0.359281437125749	0
2022/08/19 13:30:23	0	1	60	17.9640718562874	0.0179640718562874	0.179640718562874	0
2022/08/19 13:30:24	0	1	60	17.9640718562874	0.0179640718562874	0.179640718562874	0
2022/08/19 13:30:25	0	1	60	17.9640718562874	0.0179640718562874	0.179640718562874	0
2022/08/19 13:30:26	0	0	0	0	0	0	0
2022/08/19 13:30:27	0	1	60	17.9640718562874	0.0179640718562874	0.179640718562874	0
2022/08/19 13:30:28	0	1	60	17.9640718562874	0.0179640718562874	0.179640718562874	0
2022/08/19 13:30:29	0	0	0	0	0	0	0
2022/08/19 13:30:30	0	0	0	0	0	0	0
2022/08/19 13:30:31	0	1	60	17.9640718562874	0.0179640718562874	0.179640718562874	0
2022/08/19 13:30:32	0	0	0	0	0	0	0
2022/08/19 13:30:33	0	0	0	0	0	0	0
2022/08/19 13:30:34	0	0	0	0	0	0	0
2022/08/19 13:30:35	0	0	0	0	0	0	0
2022/08/19 13:30:36	0	0	0	0	0	0	0
2022/08/19 13:30:37	0	2	120	35.9281437125749	0.0359281437125748	0.359281437125749	0
2022/08/19 13:30:38	0	1	60	17.9640718562874	0.0179640718562874	0.179640718562874	0
2022/08/19 13:30:39	0	2	120	35.9281437125749	0.0359281437125748	0.359281437125749	0
2022/08/19 13:30:40	0	1	60	17.9640718562874	0.0179640718562874	0.179640718562874	0
2022/08/19 13:30:41	0	0	0	0	0	0	0
2022/08/19 13:30:42	0	2	120	35.9281437125749	0.0359281437125748	0.359281437125749	0
2022/08/19 13:30:43	0	2	120	35.9281437125749	0.0359281437125748	0.359281437125749	0
2022/08/19 13:30:44	0	0	0	0	0	0	0
2022/08/19 13:30:45	0	2	120	35.9281437125749	0.0359281437125748	0.359281437125749	0
2022/08/19 13:30:46	0	1	60	17.9640718562874	0.0179640718562874	0.179640718562874	0
2022/08/19 13:30:47	0	1	60	17.9640718562874	0.0179640718562874	0.179640718562874	0
2022/08/19 13:30:48	0	0	0	0	0	0	0
2022/08/19 13:30:49	0	0	0	0	0	0	0
2022/08/19 13:30:50	0	0	0	0	0	0	0
2022/08/19 13:30:51	0	1	60	17.9640718562874	0.0179640718562874	0.179640718562874	0
