Date/Time	counts (1 sec)	cps	cpm	µR/h	mR/h	µSv/h	Averaging Time (sec)
2022/08/12 10.24.18	0	0	0	0	0	0	1
2022/08/12 10.24.19	1	0	0	0	0	0	1
2022/08/12 10.24.20	1	0	0	0	0	0	1
2022/08/12 10.24.21	0	0	0	0	0	0	1
2022/08/12 10.24.22	0	0	0	0	0	0	1
2022/08/12 10.24.23	0	0	0	0	0	0	1
2022/08/12 10.24.24	0	0	0	0	0	0	1
2022/08/12 10.24.25	0	0	0	0	0	0	1
2022/08/12 10.24.26	1	0	0	0	0	0	1
2022/08/12 10.24.27	1	0	0	0	0	0	1
2022/08/12 10.24.28	1	0	0	0	0	0	1
2022/08/12 10.24.29	0	0	0	0	0	0	1
2022/08/12 10.24.30	1	0	0	0	0	0	1
2022/08/12 10.24.31	1	0	0	0	0	0	1
2022/08/12 10.24.32	0	0	0	0	0	0	1
2022/08/12 10.24.33	1	0	0	0	0	0	1
2022/08/12 10.24.34	1	0	0	0	0	0	1
2022/08/12 10.24.36	0	0	0	0	0	0	1
2022/08/12 10.24.37	0	1	60	17,9640718562874	0,0179640718562874	0,179640718562874	1
2022/08/12 10.24.38	1	1	60	17,9640718562874	0,0179640718562874	0,179640718562874	1
2022/08/12 10.24.39	0	0	0	0	0	0	1
2022/08/12 10.24.40	0	0	0	0	0	0	1
2022/08/12 10.24.41	0	0	0	0	0	0	1
2022/08/12 10.24.42	1	0	0	0	0	0	1
2022/08/12 10.24.43	1	0	0	0	0	0	1
2022/08/12 10.24.44	0	1	60	17,9640718562874	0,0179640718562874	0,179640718562874	1
2022/08/12 10.24.45	1	1	60	17,9640718562874	0,0179640718562874	0,179640718562874	1
2022/08/12 10.24.46	0	1	60	17,9640718562874	0,0179640718562874	0,179640718562874	1
2022/08/12 10.24.47	1	0	0	0	0	0	1
2022/08/12 10.24.48	2	1	60	17,9640718562874	0,0179640718562874	0,179640718562874	1
2022/08/12 10.24.49	1	1	60	17,9640718562874	0,0179640718562874	0,179640718562874	1
2022/08/12 10.24.50	2	0	0	0	0	0	1
2022/08/12 10.24.51	0	1	60	17,9640718562874	0,0179640718562874	0,179640718562874	1
2022/08/12 10.24.52	0	1	60	17,9640718562874	0,0179640718562874	0,179640718562874	1
2022/08/12 10.24.53	1	0	0	0	0	0	1
2022/08/12 10.24.54	0	0	0	0	0	0	1
2022/08/12 10.24.55	1	1	60	17,9640718562874	0,0179640718562874	0,179640718562874	1
2022/08/12 10.24.56	1	0	0	0	0	0	1
2022/08/12 10.24.57	1	0	0	0	0	0	1
2022/08/12 10.24.58	0	0	0	0	0	0	1
2022/08/12 10.24.59	0	1	60	17,9640718562874	0,0179640718562874	0,179640718562874	1
2022/08/12 10.25.00	0	1	60	17,9640718562874	0,0179640718562874	0,179640718562874	1
2022/08/12 10.25.01	0	0	0	0	0	0	1
2022/08/12 10.25.02	0	1	60	17,9640718562874	0,0179640718562874	0,179640718562874	1
2022/08/12 10.25.03	1	0	0	0	0	0	1
2022/08/12 10.25.04	0	1	60	17,9640718562874	0,0179640718562874	0,179640718562874	1
2022/08/12 10.25.05	0	2	120	35,9281437125749	0,0359281437125748	0,359281437125749	1
2022/08/12 10.25.07	2	1	60	17,9640718562874	0,0179640718562874	0,179640718562874	1
2022/08/12 10.25.07	0	2	120	35,9281437125749	0,0359281437125748	0,359281437125749	1
2022/08/12 10.25.08	1	0	0	0	0	0	1
2022/08/12 10.25.09	0	0	0	0	0	0	1
2022/08/12 10.25.10	1	1	60	17,9640718562874	0,0179640718562874	0,179640718562874	1
2022/08/12 10.25.11	1	0	0	0	0	0	1
2022/08/12 10.25.12	0	1	60	17,9640718562874	0,0179640718562874	0,179640718562874	1
2022/08/12 10.25.13	0	1	60	17,9640718562874	0,0179640718562874	0,179640718562874	1
2022/08/12 10.25.14	0	1	60	17,9640718562874	0,0179640718562874	0,179640718562874	1
2022/08/12 10.25.15	1	0	0	0	0	0	1
2022/08/12 10.25.16	1	0	0	0	0	0	1
2022/08/12 10.25.17	1	0	0	0	0	0	1
2022/08/12 10.25.18	1	0	0	0	0	0	1
2022/08/12 10.25.19	0	0	0	0	0	0	1
2022/08/12 10.25.20	2	1	60	17,9640718562874	0,0179640718562874	0,179640718562874	1
2022/08/12 10.25.21	1	0	0	0	0	0	1
2022/08/12 10.25.22	1	0	0	0	0	0	1
2022/08/12 10.25.23	2	2	120	35,9281437125749	0,0359281437125748	0,359281437125749	1
2022/08/12 10.25.24	2	0	0	0	0	0	1
2022/08/12 10.25.25	1	1	60	17,9640718562874	0,0179640718562874	0,179640718562874	1
2022/08/12 10.25.26	2	0	0	0	0	0	1
2022/08/12 10.25.27	0	1	60	17,9640718562874	0,0179640718562874	0,179640718562874	1
2022/08/12 10.25.28	0	1	60	17,9640718562874	0,0179640718562874	0,179640718562874	1
2022/08/12 10.25.29	2	0	0	0	0	0	1
2022/08/12 10.25.30	1	0	0	0	0	0	1
2022/08/12 10.25.31	3	0	0	0	0	0	1
2022/08/12 10.25.32	1	1	60	17,9640718562874	0,0179640718562874	0,179640718562874	1
2022/08/12 10.25.33	0	1	60	17,9640718562874	0,0179640718562874	0,179640718562874	1
2022/08/12 10.25.34	1	1	60	17,9640718562874	0,0179640718562874	0,179640718562874	1
2022/08/12 10.25.35	0	1	60	17,9640718562874	0,0179640718562874	0,179640718562874	1
2022/08/12 10.25.36	2	0	0	0	0	0	1
2022/08/12 10.25.37	0	2	120	35,9281437125749	0,0359281437125748	0,359281437125749	1
2022/08/12 10.25.38	1	1	60	17,9640718562874	0,0179640718562874	0,179640718562874	1
2022/08/12 10.25.39	0	1	60	17,9640718562874	0,0179640718562874	0,179640718562874	1
2022/08/12 10.25.40	0	2	120	35,9281437125749	0,0359281437125748	0,359281437125749	1
2022/08/12 10.25.41	0	2	120	35,9281437125749	0,0359281437125748	0,359281437125749	1
2022/08/12 10.25.42	1	1	60	17,9640718562874	0,0179640718562874	0,179640718562874	1
2022/08/12 10.25.43	0	2	120	35,9281437125749	0,0359281437125748	0,359281437125749	1
2022/08/12 10.25.44	0	0	0	0	0	0	1
2022/08/12 10.25.45	1	0	0	0	0	0	1
2022/08/12 10.25.46	0	2	120	35,9281437125749	0,0359281437125748	0,359281437125749	0
2022/08/12 10.25.47	0	1	60	17,9640718562874	0,0179640718562874	0,179640718562874	0
2022/08/12 10.25.48	0	3	180	53,8922155688623	0,0538922155688623	0,538922155688623	0
2022/08/12 10.25.49	0	1	60	17,9640718562874	0,0179640718562874	0,179640718562874	0
2022/08/12 10.25.50	0	0	0	0	0	0	0
2022/08/12 10.25.51	0	1	60	17,9640718562874	0,0179640718562874	0,179640718562874	0
2022/08/12 10.25.52	0	0	0	0	0	0	0
2022/08/12 10.25.53	0	2	120	35,9281437125749	0,0359281437125748	0,359281437125749	0
2022/08/12 10.25.54	0	0	0	0	0	0	0
2022/08/12 10.25.55	0	1	60	17,9640718562874	0,0179640718562874	0,179640718562874	0
2022/08/12 10.25.56	0	0	0	0	0	0	0
2022/08/12 10.25.57	0	0	0	0	0	0	0
2022/08/12 10.25.58	0	0	0	0	0	0	0
2022/08/12 10.25.59	0	1	60	17,9640718562874	0,0179640718562874	0,179640718562874	0
2022/08/12 10.26.00	0	0	0	0	0	0	0
2022/08/12 10.26.01	0	0	0	0	0	0	0
2022/08/12 10.26.02	0	1	60	17,9640718562874	0,0179640718562874	0,179640718562874	0
