Date/Time	counts (1 sec)	cps	cpm	µR/h	mR/h	µSv/h	Averaging Time (sec)
2022/08/12 10.48.27	0	0	0	0	0	0	1
2022/08/12 10.48.28	1	0	0	0	0	0	1
2022/08/12 10.48.29	2	0	0	0	0	0	1
2022/08/12 10.48.30	0	0	0	0	0	0	1
2022/08/12 10.48.31	0	0	0	0	0	0	1
2022/08/12 10.48.32	1	0	0	0	0	0	1
2022/08/12 10.48.33	2	0	0	0	0	0	1
2022/08/12 10.48.34	0	0	0	0	0	0	1
2022/08/12 10.48.35	0	0	0	0	0	0	1
2022/08/12 10.48.36	0	0	0	0	0	0	1
2022/08/12 10.48.37	0	0	0	0	0	0	1
2022/08/12 10.48.38	0	0	0	0	0	0	1
2022/08/12 10.48.39	1	0	0	0	0	0	1
2022/08/12 10.48.40	0	0	0	0	0	0	1
2022/08/12 10.48.41	1	0	0	0	0	0	1
2022/08/12 10.48.42	0	0	0	0	0	0	1
2022/08/12 10.48.43	0	0	0	0	0	0	1
2022/08/12 10.48.44	0	0	0	0	0	0	1
2022/08/12 10.48.45	0	0	0	0	0	0	1
2022/08/12 10.48.46	0	0	0	0	0	0	1
2022/08/12 10.48.47	1	0	0	0	0	0	1
2022/08/12 10.48.48	1	0	0	0	0	0	1
2022/08/12 10.48.49	1	0	0	0	0	0	1
2022/08/12 10.48.50	1	0	0	0	0	0	1
2022/08/12 10.48.51	1	0	0	0	0	0	1
2022/08/12 10.48.52	0	0	0	0	0	0	1
2022/08/12 10.48.53	1	0	0	0	0	0	1
2022/08/12 10.48.54	1	0	0	0	0	0	1
2022/08/12 10.48.55	1	0	0	0	0	0	1
2022/08/12 10.48.56	0	0	0	0	0	0	1
2022/08/12 10.48.57	2	0	0	0	0	0	1
2022/08/12 10.48.58	0	0	0	0	0	0	1
2022/08/12 10.49.01	0	0	0	0	0	0	1
2022/08/12 10.49.02	0	0	0	0	0	0	1
2022/08/12 10.49.03	0	0	0	0	0	0	1
2022/08/12 10.49.04	1	1	60	17,9640718562874	0,0179640718562874	0,179640718562874	1
2022/08/12 10.49.05	1	2	120	35,9281437125749	0,0359281437125748	0,359281437125749	1
2022/08/12 10.49.06	1	0	0	0	0	0	1
2022/08/12 10.49.07	0	0	0	0	0	0	1
2022/08/12 10.49.08	0	1	60	17,9640718562874	0,0179640718562874	0,179640718562874	1
2022/08/12 10.49.09	0	2	120	35,9281437125749	0,0359281437125748	0,359281437125749	1
2022/08/12 10.49.10	2	0	0	0	0	0	1
2022/08/12 10.49.11	3	0	0	0	0	0	1
2022/08/12 10.49.12	1	0	0	0	0	0	1
2022/08/12 10.49.13	0	0	0	0	0	0	1
2022/08/12 10.49.14	0	0	0	0	0	0	1
2022/08/12 10.49.15	0	1	60	17,9640718562874	0,0179640718562874	0,179640718562874	1
2022/08/12 10.49.16	0	0	0	0	0	0	1
2022/08/12 10.49.17	1	1	60	17,9640718562874	0,0179640718562874	0,179640718562874	1
2022/08/12 10.49.18	0	0	0	0	0	0	1
2022/08/12 10.49.19	1	0	0	0	0	0	1
2022/08/12 10.49.20	1	0	0	0	0	0	1
2022/08/12 10.49.21	0	0	0	0	0	0	1
2022/08/12 10.49.22	1	0	0	0	0	0	1
2022/08/12 10.49.23	0	1	60	17,9640718562874	0,0179640718562874	0,179640718562874	1
2022/08/12 10.49.24	0	1	60	17,9640718562874	0,0179640718562874	0,179640718562874	1
2022/08/12 10.49.25	1	1	60	17,9640718562874	0,0179640718562874	0,179640718562874	1
2022/08/12 10.49.26	0	1	60	17,9640718562874	0,0179640718562874	0,179640718562874	1
2022/08/12 10.49.27	0	1	60	17,9640718562874	0,0179640718562874	0,179640718562874	1
2022/08/12 10.49.28	0	0	0	0	0	0	1
2022/08/12 10.49.29	2	1	60	17,9640718562874	0,0179640718562874	0,179640718562874	1
2022/08/12 10.49.30	0	1	60	17,9640718562874	0,0179640718562874	0,179640718562874	1
2022/08/12 10.49.31	1	1	60	17,9640718562874	0,0179640718562874	0,179640718562874	1
2022/08/12 10.49.33	0	0	0	0	0	0	1
2022/08/12 10.49.33	0	2	120	35,9281437125749	0,0359281437125748	0,359281437125749	1
2022/08/12 10.49.34	1	0	0	0	0	0	1
2022/08/12 10.49.35	0	0	0	0	0	0	1
2022/08/12 10.49.36	1	0	0	0	0	0	1
2022/08/12 10.49.37	1	0	0	0	0	0	1
2022/08/12 10.49.38	0	1	60	17,9640718562874	0,0179640718562874	0,179640718562874	1
2022/08/12 10.49.39	0	1	60	17,9640718562874	0,0179640718562874	0,179640718562874	1
2022/08/12 10.49.40	0	1	60	17,9640718562874	0,0179640718562874	0,179640718562874	1
2022/08/12 10.49.41	0	0	0	0	0	0	1
2022/08/12 10.49.42	2	0	0	0	0	0	1
2022/08/12 10.49.43	0	0	0	0	0	0	1
2022/08/12 10.49.44	0	2	120	35,9281437125749	0,0359281437125748	0,359281437125749	1
2022/08/12 10.49.45	1	3	180	53,8922155688623	0,0538922155688623	0,538922155688623	1
2022/08/12 10.49.46	0	1	60	17,9640718562874	0,0179640718562874	0,179640718562874	1
2022/08/12 10.49.47	0	0	0	0	0	0	1
2022/08/12 10.49.48	0	0	0	0	0	0	1
2022/08/12 10.49.49	0	0	0	0	0	0	1
2022/08/12 10.49.50	2	0	0	0	0	0	1
2022/08/12 10.49.51	0	1	60	17,9640718562874	0,0179640718562874	0,179640718562874	1
2022/08/12 10.49.52	0	0	0	0	0	0	1
2022/08/12 10.49.53	0	1	60	17,9640718562874	0,0179640718562874	0,179640718562874	1
2022/08/12 10.49.54	0	1	60	17,9640718562874	0,0179640718562874	0,179640718562874	1
2022/08/12 10.49.55	1	0	0	0	0	0	1
2022/08/12 10.49.56	2	1	60	17,9640718562874	0,0179640718562874	0,179640718562874	1
2022/08/12 10.49.57	1	0	0	0	0	0	1
2022/08/12 10.49.58	0	0	0	0	0	0	1
2022/08/12 10.49.59	1	1	60	17,9640718562874	0,0179640718562874	0,179640718562874	1
2022/08/12 10.50.00	0	0	0	0	0	0	1
2022/08/12 10.50.01	1	0	0	0	0	0	1
2022/08/12 10.50.02	0	0	0	0	0	0	1
2022/08/12 10.50.03	0	2	120	35,9281437125749	0,0359281437125748	0,359281437125749	1
2022/08/12 10.50.04	0	0	0	0	0	0	1
2022/08/12 10.50.05	1	1	60	17,9640718562874	0,0179640718562874	0,179640718562874	1
2022/08/12 10.50.06	0	0	0	0	0	0	1
2022/08/12 10.50.07	0	0	0	0	0	0	1
2022/08/12 10.50.08	1	1	60	17,9640718562874	0,0179640718562874	0,179640718562874	1
2022/08/12 10.50.09	0	0	0	0	0	0	0
2022/08/12 10.50.10	0	1	60	17,9640718562874	0,0179640718562874	0,179640718562874	0
2022/08/12 10.50.11	0	1	60	17,9640718562874	0,0179640718562874	0,179640718562874	0
2022/08/12 10.50.12	0	0	0	0	0	0	0
2022/08/12 10.50.13	0	0	0	0	0	0	0
2022/08/12 10.50.14	0	0	0	0	0	0	0
2022/08/12 10.50.15	0	0	0	0	0	0	0
2022/08/12 10.50.16	0	2	120	35,9281437125749	0,0359281437125748	0,359281437125749	0
2022/08/12 10.50.17	0	0	0	0	0	0	0
2022/08/12 10.50.18	0	0	0	0	0	0	0
2022/08/12 10.50.19	0	1	60	17,9640718562874	0,0179640718562874	0,179640718562874	0
2022/08/12 10.50.20	0	0	0	0	0	0	0
2022/08/12 10.50.21	0	0	0	0	0	0	0
2022/08/12 10.50.22	0	0	0	0	0	0	0
2022/08/12 10.50.23	0	0	0	0	0	0	0
2022/08/12 10.50.24	0	2	120	35,9281437125749	0,0359281437125748	0,359281437125749	0
2022/08/12 10.50.25	0	0	0	0	0	0	0
2022/08/12 10.50.26	0	0	0	0	0	0	0
2022/08/12 10.50.27	0	0	0	0	0	0	0
2022/08/12 10.50.28	0	0	0	0	0	0	0
2022/08/12 10.50.29	0	1	60	17,9640718562874	0,0179640718562874	0,179640718562874	0
2022/08/12 10.50.30	0	2	120	35,9281437125749	0,0359281437125748	0,359281437125749	0
2022/08/12 10.50.31	0	1	60	17,9640718562874	0,0179640718562874	0,179640718562874	0
2022/08/12 10.50.32	0	0	0	0	0	0	0
2022/08/12 10.50.33	0	1	60	17,9640718562874	0,0179640718562874	0,179640718562874	0
2022/08/12 10.50.34	0	0	0	0	0	0	0
2022/08/12 10.50.35	0	1	60	17,9640718562874	0,0179640718562874	0,179640718562874	0
2022/08/12 10.50.36	0	0	0	0	0	0	0
2022/08/12 10.50.37	0	0	0	0	0	0	0
2022/08/12 10.50.38	0	0	0	0	0	0	0
2022/08/12 10.50.39	0	1	60	17,9640718562874	0,0179640718562874	0,179640718562874	0
2022/08/12 10.50.40	0	0	0	0	0	0	0
2022/08/12 10.50.41	0	0	0	0	0	0	0
2022/08/12 10.50.42	0	1	60	17,9640718562874	0,0179640718562874	0,179640718562874	0
