Date/Time	counts (1 sec)	cps	cpm	µR/h	mR/h	µSv/h	Averaging Time (sec)
2022/08/12 10.58.48	1	0	0	0	0	0	1
2022/08/12 10.58.49	2	0	0	0	0	0	1
2022/08/12 10.58.50	2	0	0	0	0	0	1
2022/08/12 10.58.51	1	0	0	0	0	0	1
2022/08/12 10.58.52	0	0	0	0	0	0	1
2022/08/12 10.58.53	0	0	0	0	0	0	1
2022/08/12 10.58.54	1	0	0	0	0	0	1
2022/08/12 10.58.55	0	0	0	0	0	0	1
2022/08/12 10.58.56	0	0	0	0	0	0	1
2022/08/12 10.58.59	1	0	0	0	0	0	1
2022/08/12 10.59.00	1	0	0	0	0	0	1
2022/08/12 10.59.01	0	1	60	17,9640718562874	0,0179640718562874	0,179640718562874	1
2022/08/12 10.59.02	1	2	120	35,9281437125749	0,0359281437125748	0,359281437125749	1
2022/08/12 10.59.03	0	2	120	35,9281437125749	0,0359281437125748	0,359281437125749	1
2022/08/12 10.59.04	1	1	60	17,9640718562874	0,0179640718562874	0,179640718562874	1
2022/08/12 10.59.05	1	0	0	0	0	0	1
2022/08/12 10.59.06	2	0	0	0	0	0	1
2022/08/12 10.59.07	1	1	60	17,9640718562874	0,0179640718562874	0,179640718562874	1
2022/08/12 10.59.08	1	0	0	0	0	0	1
2022/08/12 10.59.09	1	0	0	0	0	0	1
2022/08/12 10.59.10	1	1	60	17,9640718562874	0,0179640718562874	0,179640718562874	1
2022/08/12 10.59.11	1	1	60	17,9640718562874	0,0179640718562874	0,179640718562874	1
2022/08/12 10.59.12	2	0	0	0	0	0	1
2022/08/12 10.59.13	1	1	60	17,9640718562874	0,0179640718562874	0,179640718562874	1
2022/08/12 10.59.14	0	0	0	0	0	0	1
2022/08/12 10.59.15	1	1	60	17,9640718562874	0,0179640718562874	0,179640718562874	1
2022/08/12 10.59.16	1	1	60	17,9640718562874	0,0179640718562874	0,179640718562874	1
2022/08/12 10.59.17	0	2	120	35,9281437125749	0,0359281437125748	0,359281437125749	1
2022/08/12 10.59.18	2	1	60	17,9640718562874	0,0179640718562874	0,179640718562874	1
2022/08/12 10.59.19	0	1	60	17,9640718562874	0,0179640718562874	0,179640718562874	1
2022/08/12 10.59.20	0	1	60	17,9640718562874	0,0179640718562874	0,179640718562874	1
2022/08/12 10.59.21	0	1	60	17,9640718562874	0,0179640718562874	0,179640718562874	1
2022/08/12 10.59.22	0	1	60	17,9640718562874	0,0179640718562874	0,179640718562874	1
2022/08/12 10.59.23	0	2	120	35,9281437125749	0,0359281437125748	0,359281437125749	1
2022/08/12 10.59.24	1	1	60	17,9640718562874	0,0179640718562874	0,179640718562874	1
2022/08/12 10.59.25	1	0	0	0	0	0	1
2022/08/12 10.59.26	2	1	60	17,9640718562874	0,0179640718562874	0,179640718562874	1
2022/08/12 10.59.27	0	1	60	17,9640718562874	0,0179640718562874	0,179640718562874	1
2022/08/12 10.59.28	0	0	0	0	0	0	1
2022/08/12 10.59.29	0	2	120	35,9281437125749	0,0359281437125748	0,359281437125749	1
2022/08/12 10.59.31	0	0	0	0	0	0	1
2022/08/12 10.59.31	0	0	0	0	0	0	1
2022/08/12 10.59.32	1	0	0	0	0	0	1
2022/08/12 10.59.33	2	0	0	0	0	0	1
2022/08/12 10.59.34	0	0	0	0	0	0	1
2022/08/12 10.59.35	1	1	60	17,9640718562874	0,0179640718562874	0,179640718562874	1
2022/08/12 10.59.36	0	1	60	17,9640718562874	0,0179640718562874	0,179640718562874	1
2022/08/12 10.59.37	0	2	120	35,9281437125749	0,0359281437125748	0,359281437125749	1
2022/08/12 10.59.38	2	0	0	0	0	0	1
2022/08/12 10.59.39	1	0	0	0	0	0	1
2022/08/12 10.59.40	2	0	0	0	0	0	1
2022/08/12 10.59.41	2	0	0	0	0	0	1
2022/08/12 10.59.42	1	0	0	0	0	0	1
2022/08/12 10.59.43	0	1	60	17,9640718562874	0,0179640718562874	0,179640718562874	1
2022/08/12 10.59.44	0	2	120	35,9281437125749	0,0359281437125748	0,359281437125749	1
2022/08/12 10.59.45	1	0	0	0	0	0	1
2022/08/12 10.59.46	1	1	60	17,9640718562874	0,0179640718562874	0,179640718562874	1
2022/08/12 10.59.47	0	0	0	0	0	0	1
2022/08/12 10.59.48	1	0	0	0	0	0	1
2022/08/12 10.59.49	0	2	120	35,9281437125749	0,0359281437125748	0,359281437125749	1
2022/08/12 10.59.50	0	1	60	17,9640718562874	0,0179640718562874	0,179640718562874	1
2022/08/12 10.59.51	0	2	120	35,9281437125749	0,0359281437125748	0,359281437125749	1
2022/08/12 10.59.52	1	2	120	35,9281437125749	0,0359281437125748	0,359281437125749	1
2022/08/12 10.59.53	0	1	60	17,9640718562874	0,0179640718562874	0,179640718562874	1
2022/08/12 10.59.54	0	0	0	0	0	0	1
2022/08/12 10.59.55	1	0	0	0	0	0	1
2022/08/12 10.59.56	0	1	60	17,9640718562874	0,0179640718562874	0,179640718562874	1
2022/08/12 10.59.57	0	1	60	17,9640718562874	0,0179640718562874	0,179640718562874	1
2022/08/12 10.59.58	0	0	0	0	0	0	1
2022/08/12 10.59.59	1	1	60	17,9640718562874	0,0179640718562874	0,179640718562874	1
2022/08/12 11.00.00	1	0	0	0	0	0	1
2022/08/12 11.00.01	1	0	0	0	0	0	1
2022/08/12 11.00.02	0	0	0	0	0	0	1
2022/08/12 11.00.03	0	1	60	17,9640718562874	0,0179640718562874	0,179640718562874	1
2022/08/12 11.00.04	0	0	0	0	0	0	1
2022/08/12 11.00.05	1	0	0	0	0	0	1
2022/08/12 11.00.06	2	1	60	17,9640718562874	0,0179640718562874	0,179640718562874	1
2022/08/12 11.00.07	1	0	0	0	0	0	1
2022/08/12 11.00.08	0	0	0	0	0	0	1
2022/08/12 11.00.09	1	0	0	0	0	0	1
2022/08/12 11.00.10	1	1	60	17,9640718562874	0,0179640718562874	0,179640718562874	1
2022/08/12 11.00.11	1	1	60	17,9640718562874	0,0179640718562874	0,179640718562874	1
2022/08/12 11.00.12	0	1	60	17,9640718562874	0,0179640718562874	0,179640718562874	0
2022/08/12 11.00.13	0	0	0	0	0	0	0
2022/08/12 11.00.14	0	0	0	0	0	0	0
2022/08/12 11.00.15	0	0	0	0	0	0	0
2022/08/12 11.00.16	0	1	60	17,9640718562874	0,0179640718562874	0,179640718562874	0
2022/08/12 11.00.17	0	2	120	35,9281437125749	0,0359281437125748	0,359281437125749	0
2022/08/12 11.00.18	0	1	60	17,9640718562874	0,0179640718562874	0,179640718562874	0
2022/08/12 11.00.19	0	0	0	0	0	0	0
2022/08/12 11.00.20	0	1	60	17,9640718562874	0,0179640718562874	0,179640718562874	0
2022/08/12 11.00.21	0	1	60	17,9640718562874	0,0179640718562874	0,179640718562874	0
2022/08/12 11.00.22	0	1	60	17,9640718562874	0,0179640718562874	0,179640718562874	0
