Date/Time	counts (1 sec)	cps	cpm	µR/h	mR/h	µSv/h	Averaging Time (sec)
2022/08/12 11.00.30	0	0	0	0	0	0	1
2022/08/12 11.00.31	2	2	120	35,9281437125749	0,0359281437125748	0,359281437125749	1
2022/08/12 11.00.32	0	0	0	0	0	0	1
2022/08/12 11.00.33	1	1	60	17,9640718562874	0,0179640718562874	0,179640718562874	1
2022/08/12 11.00.34	1	1	60	17,9640718562874	0,0179640718562874	0,179640718562874	1
2022/08/12 11.00.35	0	0	0	0	0	0	1
2022/08/12 11.00.36	0	0	0	0	0	0	1
2022/08/12 11.00.37	2	2	120	35,9281437125749	0,0359281437125748	0,359281437125749	1
2022/08/12 11.00.38	0	0	0	0	0	0	1
2022/08/12 11.00.39	1	1	60	17,9640718562874	0,0179640718562874	0,179640718562874	1
2022/08/12 11.00.40	0	0	0	0	0	0	1
2022/08/12 11.00.41	0	0	0	0	0	0	1
2022/08/12 11.00.42	0	0	0	0	0	0	1
2022/08/12 11.00.43	1	1	60	17,9640718562874	0,0179640718562874	0,179640718562874	1
2022/08/12 11.00.44	1	1	60	17,9640718562874	0,0179640718562874	0,179640718562874	1
2022/08/12 11.00.45	2	2	120	35,9281437125749	0,0359281437125748	0,359281437125749	1
2022/08/12 11.00.46	0	0	0	0	0	0	1
2022/08/12 11.00.47	0	0	0	0	0	0	1
2022/08/12 11.00.48	2	2	120	35,9281437125749	0,0359281437125748	0,359281437125749	1
2022/08/12 11.00.49	0	0	0	0	0	0	1
2022/08/12 11.00.50	0	0	0	0	0	0	1
2022/08/12 11.00.51	0	0	0	0	0	0	1
2022/08/12 11.00.52	0	0	0	0	0	0	1
2022/08/12 11.00.53	0	0	0	0	0	0	1
2022/08/12 11.00.54	2	2	120	35,9281437125749	0,0359281437125748	0,359281437125749	1
2022/08/12 11.00.55	0	0	0	0	0	0	1
2022/08/12 11.00.56	0	0	0	0	0	0	1
2022/08/12 11.00.57	0	0	0	0	0	0	1
2022/08/12 11.00.58	0	0	0	0	0	0	1
2022/08/12 11.00.59	2	2	120	35,9281437125749	0,0359281437125748	0,359281437125749	1
2022/08/12 11.01.00	0	0	0	0	0	0	1
2022/08/12 11.01.01	1	1	60	17,9640718562874	0,0179640718562874	0,179640718562874	1
2022/08/12 11.01.02	0	0	0	0	0	0	1
2022/08/12 11.01.03	1	1	60	17,9640718562874	0,0179640718562874	0,179640718562874	1
2022/08/12 11.01.04	0	0	0	0	0	0	1
2022/08/12 11.01.05	0	0	0	0	0	0	1
2022/08/12 11.01.06	0	0	0	0	0	0	1
2022/08/12 11.01.07	0	0	0	0	0	0	1
2022/08/12 11.01.08	0	0	0	0	0	0	1
2022/08/12 11.01.09	1	1	60	17,9640718562874	0,0179640718562874	0,179640718562874	1
2022/08/12 11.01.10	0	0	0	0	0	0	1
2022/08/12 11.01.11	0	0	0	0	0	0	1
2022/08/12 11.01.12	0	0	0	0	0	0	1
2022/08/12 11.01.13	0	0	0	0	0	0	1
2022/08/12 11.01.14	0	0	0	0	0	0	1
2022/08/12 11.01.15	0	0	0	0	0	0	1
2022/08/12 11.01.16	0	0	0	0	0	0	1
2022/08/12 11.01.17	0	0	0	0	0	0	1
2022/08/12 11.01.18	0	0	0	0	0	0	1
2022/08/12 11.01.19	2	2	120	35,9281437125749	0,0359281437125748	0,359281437125749	1
2022/08/12 11.01.20	0	0	0	0	0	0	1
2022/08/12 11.01.21	0	0	0	0	0	0	1
2022/08/12 11.01.22	1	1	60	17,9640718562874	0,0179640718562874	0,179640718562874	1
2022/08/12 11.01.23	0	0	0	0	0	0	1
2022/08/12 11.01.24	3	3	180	53,8922155688623	0,0538922155688623	0,538922155688623	1
2022/08/12 11.01.25	0	0	0	0	0	0	1
2022/08/12 11.01.26	0	0	0	0	0	0	1
2022/08/12 11.01.27	1	1	60	17,9640718562874	0,0179640718562874	0,179640718562874	1
2022/08/12 11.01.28	1	1	60	17,9640718562874	0,0179640718562874	0,179640718562874	1
2022/08/12 11.01.29	0	0	0	0	0	0	1
2022/08/12 11.01.30	2	2	120	35,9281437125749	0,0359281437125748	0,359281437125749	1
2022/08/12 11.01.31	0	0	0	0	0	0	1
2022/08/12 11.01.32	1962	1962	117720	35245,5089820359	35,2455089820359	352,455089820359	1
2022/08/12 11.01.33	4281	4281	256860	76904,1916167665	76,9041916167665	769,041916167665	1
2022/08/12 11.01.34	4320	4320	259200	77604,7904191617	77,6047904191617	776,047904191617	1
2022/08/12 11.01.35	4659	4659	279540	83694,6107784431	83,6946107784431	836,946107784431	1
2022/08/12 11.01.36	5067	5067	304020	91023,9520958084	91,0239520958084	910,239520958084	1
2022/08/12 11.01.37	1949	1949	116940	35011,9760479042	35,0119760479042	350,119760479042	1
2022/08/12 11.01.38	1	1	60	17,9640718562874	0,0179640718562874	0,179640718562874	1
2022/08/12 11.01.39	1	1	60	17,9640718562874	0,0179640718562874	0,179640718562874	1
2022/08/12 11.01.40	1	1	60	17,9640718562874	0,0179640718562874	0,179640718562874	1
2022/08/12 11.01.41	3	3	180	53,8922155688623	0,0538922155688623	0,538922155688623	1
2022/08/12 11.01.42	2	2	120	35,9281437125749	0,0359281437125748	0,359281437125749	1
2022/08/12 11.01.43	0	0	0	0	0	0	1
2022/08/12 11.01.44	1	1	60	17,9640718562874	0,0179640718562874	0,179640718562874	1
2022/08/12 11.01.45	0	0	0	0	0	0	1
2022/08/12 11.01.46	1	1	60	17,9640718562874	0,0179640718562874	0,179640718562874	1
2022/08/12 11.01.47	0	0	0	0	0	0	1
2022/08/12 11.01.48	0	0	0	0	0	0	1
2022/08/12 11.01.49	2	2	120	35,9281437125749	0,0359281437125748	0,359281437125749	1
2022/08/12 11.01.50	1	1	60	17,9640718562874	0,0179640718562874	0,179640718562874	1
2022/08/12 11.01.51	1	1	60	17,9640718562874	0,0179640718562874	0,179640718562874	1
2022/08/12 11.01.52	0	0	0	0	0	0	1
2022/08/12 11.01.53	0	0	0	0	0	0	1
2022/08/12 11.01.54	0	0	0	0	0	0	1
2022/08/12 11.01.55	0	0	0	0	0	0	1
2022/08/12 11.01.56	0	0	0	0	0	0	1
2022/08/12 11.01.57	0	0	0	0	0	0	1
2022/08/12 11.01.58	0	0	0	0	0	0	1
2022/08/12 11.01.59	1	1	60	17,9640718562874	0,0179640718562874	0,179640718562874	1
2022/08/12 11.02.00	0	0	0	0	0	0	1
2022/08/12 11.02.01	0	0	0	0	0	0	1
2022/08/12 11.02.02	1	1	60	17,9640718562874	0,0179640718562874	0,179640718562874	1
2022/08/12 11.02.03	2	2	120	35,9281437125749	0,0359281437125748	0,359281437125749	1
2022/08/12 11.02.04	0	0	0	0	0	0	1
2022/08/12 11.02.05	0	0	0	0	0	0	1
2022/08/12 11.02.06	2	2	120	35,9281437125749	0,0359281437125748	0,359281437125749	1
2022/08/12 11.02.07	1	1	60	17,9640718562874	0,0179640718562874	0,179640718562874	1
2022/08/12 11.02.08	2	2	120	35,9281437125749	0,0359281437125748	0,359281437125749	1
2022/08/12 11.02.09	0	0	0	0	0	0	1
2022/08/12 11.02.10	1	1	60	17,9640718562874	0,0179640718562874	0,179640718562874	1
2022/08/12 11.02.11	0	0	0	0	0	0	1
2022/08/12 11.02.12	1	1	60	17,9640718562874	0,0179640718562874	0,179640718562874	1
2022/08/12 11.02.13	1	1	60	17,9640718562874	0,0179640718562874	0,179640718562874	1
2022/08/12 11.02.14	2	2	120	35,9281437125749	0,0359281437125748	0,359281437125749	1
2022/08/12 11.02.15	1	1	60	17,9640718562874	0,0179640718562874	0,179640718562874	1
2022/08/12 11.02.16	1	1	60	17,9640718562874	0,0179640718562874	0,179640718562874	1
2022/08/12 11.02.17	1	1	60	17,9640718562874	0,0179640718562874	0,179640718562874	1
2022/08/12 11.02.18	0	0	0	0	0	0	1
2022/08/12 11.02.19	0	0	0	0	0	0	1
2022/08/12 11.02.20	2	2	120	35,9281437125749	0,0359281437125748	0,359281437125749	1
2022/08/12 11.02.21	0	0	0	0	0	0	1
2022/08/12 11.02.22	0	0	0	0	0	0	1
2022/08/12 11.02.23	1	1	60	17,9640718562874	0,0179640718562874	0,179640718562874	1
2022/08/12 11.02.24	0	0	0	0	0	0	1
2022/08/12 11.02.25	1	1	60	17,9640718562874	0,0179640718562874	0,179640718562874	1
2022/08/12 11.02.26	0	0	0	0	0	0	1
2022/08/12 11.02.27	0	0	0	0	0	0	1
2022/08/12 11.02.28	1	1	60	17,9640718562874	0,0179640718562874	0,179640718562874	1
2022/08/12 11.02.29	0	0	0	0	0	0	1
2022/08/12 11.02.30	1	1	60	17,9640718562874	0,0179640718562874	0,179640718562874	1
2022/08/12 11.02.31	0	0	0	0	0	0	1
2022/08/12 11.02.32	0	0	0	0	0	0	1
2022/08/12 11.02.33	0	0	0	0	0	0	1
2022/08/12 11.02.34	0	0	0	0	0	0	1
