Date/Time	counts (1 sec)	cps	cpm	µR/h	mR/h	µSv/h	Averaging Time (sec)
2022/08/12 11.26.27	0	0	0	0	0	0	1
2022/08/12 11.26.28	0	0	0	0	0	0	1
2022/08/12 11.26.31	1	0	0	0	0	0	1
2022/08/12 11.26.32	0	0	0	0	0	0	1
2022/08/12 11.26.33	0	0	0	0	0	0	1
2022/08/12 11.26.34	1	0	0	0	0	0	1
2022/08/12 11.26.35	2	0	0	0	0	0	1
2022/08/12 11.26.36	0	0	0	0	0	0	1
2022/08/12 11.26.37	0	0	0	0	0	0	1
2022/08/12 11.26.38	1	0	0	0	0	0	1
2022/08/12 11.26.39	0	0	0	0	0	0	1
2022/08/12 11.26.40	1	0	0	0	0	0	1
2022/08/12 11.26.41	0	0	0	0	0	0	1
2022/08/12 11.26.42	0	0	0	0	0	0	1
2022/08/12 11.26.43	0	0	0	0	0	0	1
2022/08/12 11.26.44	1	0	0	0	0	0	1
2022/08/12 11.26.45	0	0	0	0	0	0	1
2022/08/12 11.26.46	2	0	0	0	0	0	1
2022/08/12 11.26.47	0	0	0	0	0	0	1
2022/08/12 11.26.48	1	0	0	0	0	0	1
2022/08/12 11.26.49	1	0	0	0	0	0	1
2022/08/12 11.26.50	2	0	0	0	0	0	1
2022/08/12 11.26.51	0	0	0	0	0	0	1
2022/08/12 11.26.52	1	0	0	0	0	0	1
2022/08/12 11.26.53	1	0	0	0	0	0	1
2022/08/12 11.26.54	2	0	0	0	0	0	1
2022/08/12 11.26.55	0	0	0	0	0	0	1
2022/08/12 11.26.56	1	0	0	0	0	0	1
2022/08/12 11.26.57	1	0	0	0	0	0	1
2022/08/12 11.26.58	3	0	0	0	0	0	1
2022/08/12 11.26.59	0	0	0	0	0	0	1
2022/08/12 11.27.00	0	0	0	0	0	0	1
2022/08/12 11.27.01	1	0	0	0	0	0	1
2022/08/12 11.27.02	1	0	0	0	0	0	1
2022/08/12 11.27.03	1	0	0	0	0	0	1
2022/08/12 11.27.04	1	0	0	0	0	0	1
2022/08/12 11.27.05	0	0	0	0	0	0	1
2022/08/12 11.27.06	0	0	0	0	0	0	1
2022/08/12 11.27.07	0	0	0	0	0	0	1
2022/08/12 11.27.08	0	0	0	0	0	0	1
2022/08/12 11.27.09	0	0	0	0	0	0	1
2022/08/12 11.27.10	0	0	0	0	0	0	1
2022/08/12 11.27.11	4	0	0	0	0	0	1
2022/08/12 11.27.12	2	0	0	0	0	0	1
2022/08/12 11.27.13	1	0	0	0	0	0	1
2022/08/12 11.27.14	2	0	0	0	0	0	1
2022/08/12 11.27.15	1	0	0	0	0	0	1
2022/08/12 11.27.16	0	0	0	0	0	0	1
2022/08/12 11.27.17	0	0	0	0	0	0	1
2022/08/12 11.27.18	0	0	0	0	0	0	1
2022/08/12 11.27.19	1	0	0	0	0	0	1
2022/08/12 11.27.20	1	0	0	0	0	0	1
2022/08/12 11.27.21	1	0	0	0	0	0	1
2022/08/12 11.27.22	1	0	0	0	0	0	1
2022/08/12 11.27.23	0	0	0	0	0	0	1
2022/08/12 11.27.24	1	0	0	0	0	0	1
2022/08/12 11.27.25	2	0	0	0	0	0	1
2022/08/12 11.27.26	0	0	0	0	0	0	1
2022/08/12 11.27.27	2	0	0	0	0	0	1
2022/08/12 11.27.28	0	0	0	0	0	0	1
2022/08/12 11.27.29	0	0	0	0	0	0	1
2022/08/12 11.27.30	1	0	0	0	0	0	1
2022/08/12 11.27.31	1	0	0	0	0	0	1
2022/08/12 11.27.32	0	0	0	0	0	0	1
2022/08/12 11.27.33	1	0	0	0	0	0	1
2022/08/12 11.27.34	0	0	0	0	0	0	1
2022/08/12 11.27.35	0	0	0	0	0	0	1
2022/08/12 11.27.36	1	0	0	0	0	0	1
2022/08/12 11.27.37	0	0	0	0	0	0	1
2022/08/12 11.27.38	0	0	0	0	0	0	1
2022/08/12 11.27.39	1	0	0	0	0	0	1
2022/08/12 11.27.40	0	0	0	0	0	0	1
2022/08/12 11.27.41	1	0	0	0	0	0	1
2022/08/12 11.27.42	1	0	0	0	0	0	1
2022/08/12 11.27.43	0	0	0	0	0	0	1
2022/08/12 11.27.44	0	0	0	0	0	0	1
2022/08/12 11.27.45	0	0	0	0	0	0	1
2022/08/12 11.27.46	1	0	0	0	0	0	1
2022/08/12 11.27.47	0	0	0	0	0	0	1
2022/08/12 11.27.48	1	0	0	0	0	0	1
2022/08/12 11.27.49	0	0	0	0	0	0	1
2022/08/12 11.27.50	0	0	0	0	0	0	1
2022/08/12 11.27.51	0	0	0	0	0	0	1
2022/08/12 11.27.52	1	0	0	0	0	0	1
2022/08/12 11.27.53	1	0	0	0	0	0	1
2022/08/12 11.27.54	0	0	0	0	0	0	1
2022/08/12 11.27.55	1	0	0	0	0	0	1
2022/08/12 11.27.56	0	0	0	0	0	0	1
2022/08/12 11.27.57	0	0	0	0	0	0	1
2022/08/12 11.27.58	1	0	0	0	0	0	1
2022/08/12 11.27.59	0	0	0	0	0	0	1
2022/08/12 11.28.00	0	0	0	0	0	0	1
2022/08/12 11.28.01	2	0	0	0	0	0	1
2022/08/12 11.28.02	0	0	0	0	0	0	1
2022/08/12 11.28.03	1	0	0	0	0	0	1
2022/08/12 11.28.04	0	0	0	0	0	0	1
2022/08/12 11.28.05	0	0	0	0	0	0	1
2022/08/12 11.28.06	1	0	0	0	0	0	1
2022/08/12 11.28.07	0	0	0	0	0	0	1
2022/08/12 11.28.08	1	0	0	0	0	0	1
2022/08/12 11.28.09	0	0	0	0	0	0	1
2022/08/12 11.28.10	1	0	0	0	0	0	1
2022/08/12 11.28.11	1	0	0	0	0	0	1
2022/08/12 11.28.12	0	0	0	0	0	0	1
2022/08/12 11.28.13	1	0	0	0	0	0	1
2022/08/12 11.28.14	1	0	0	0	0	0	1
2022/08/12 11.28.15	1	0	0	0	0	0	1
2022/08/12 11.28.16	0	0	0	0	0	0	0
2022/08/12 11.28.17	0	0	0	0	0	0	0
2022/08/12 11.28.18	0	0	0	0	0	0	0
2022/08/12 11.28.19	0	0	0	0	0	0	0
2022/08/12 11.28.20	0	0	0	0	0	0	0
2022/08/12 11.28.21	0	0	0	0	0	0	0
2022/08/12 11.28.22	0	0	0	0	0	0	0
2022/08/12 11.28.23	0	0	0	0	0	0	0
2022/08/12 11.28.24	0	0	0	0	0	0	0
2022/08/12 11.28.25	0	0	0	0	0	0	0
2022/08/12 11.28.26	0	0	0	0	0	0	0
2022/08/12 11.28.27	0	0	0	0	0	0	0
2022/08/12 11.28.28	0	0	0	0	0	0	0
2022/08/12 11.28.29	0	0	0	0	0	0	0
2022/08/12 11.28.30	0	0	0	0	0	0	0
2022/08/12 11.28.31	0	0	0	0	0	0	0
2022/08/12 11.28.32	0	0	0	0	0	0	0
2022/08/12 11.28.33	0	0	0	0	0	0	0
2022/08/12 11.28.34	0	0	0	0	0	0	0
2022/08/12 11.28.35	0	0	0	0	0	0	0
2022/08/12 11.28.36	0	0	0	0	0	0	0
2022/08/12 11.28.37	0	0	0	0	0	0	0
2022/08/12 11.28.38	0	0	0	0	0	0	0
2022/08/12 11.28.39	0	0	0	0	0	0	0
2022/08/12 11.28.40	0	0	0	0	0	0	0
2022/08/12 11.28.41	0	0	0	0	0	0	0
2022/08/12 11.28.42	0	0	0	0	0	0	0
2022/08/12 11.28.43	0	0	0	0	0	0	0
2022/08/12 11.28.44	0	0	0	0	0	0	0
2022/08/12 11.28.45	0	0	0	0	0	0	0
2022/08/12 11.28.46	0	0	0	0	0	0	0
2022/08/12 11.28.47	0	0	0	0	0	0	0
2022/08/12 11.28.48	0	0	0	0	0	0	0
2022/08/12 11.28.49	0	0	0	0	0	0	0
2022/08/12 11.28.50	0	0	0	0	0	0	0
2022/08/12 11.28.51	0	0	0	0	0	0	0
2022/08/12 11.28.52	0	0	0	0	0	0	0
2022/08/12 11.28.53	0	0	0	0	0	0	0
2022/08/12 11.28.54	0	0	0	0	0	0	0
2022/08/12 11.28.55	0	0	0	0	0	0	0
2022/08/12 11.28.56	0	0	0	0	0	0	0
2022/08/12 11.28.57	0	0	0	0	0	0	0
2022/08/12 11.28.58	0	0	0	0	0	0	0
2022/08/12 11.28.59	0	0	0	0	0	0	0
2022/08/12 11.29.00	0	0	0	0	0	0	0
2022/08/12 11.29.01	0	0	0	0	0	0	0
2022/08/12 11.29.02	0	0	0	0	0	0	0
2022/08/12 11.29.03	0	0	0	0	0	0	0
2022/08/12 11.29.04	0	0	0	0	0	0	0
2022/08/12 11.29.05	0	0	0	0	0	0	0
2022/08/12 11.29.06	0	0	0	0	0	0	0
2022/08/12 11.29.07	0	0	0	0	0	0	0
2022/08/12 11.29.08	0	0	0	0	0	0	0
2022/08/12 11.29.09	0	0	0	0	0	0	0
2022/08/12 11.29.10	0	0	0	0	0	0	0
2022/08/12 11.29.11	0	0	0	0	0	0	0
2022/08/12 11.29.12	0	0	0	0	0	0	0
2022/08/12 11.29.13	0	0	0	0	0	0	0
2022/08/12 11.29.14	0	0	0	0	0	0	0
2022/08/12 11.29.15	0	0	0	0	0	0	0
2022/08/12 11.29.16	0	0	0	0	0	0	0
2022/08/12 11.29.17	0	0	0	0	0	0	0
2022/08/12 11.29.18	0	0	0	0	0	0	0
2022/08/12 11.29.19	0	0	0	0	0	0	0
2022/08/12 11.29.20	0	0	0	0	0	0	0
2022/08/12 11.29.21	0	0	0	0	0	0	0
2022/08/12 11.29.22	0	0	0	0	0	0	0
2022/08/12 11.29.23	0	0	0	0	0	0	0
2022/08/12 11.29.24	0	0	0	0	0	0	0
2022/08/12 11.29.25	0	0	0	0	0	0	0
2022/08/12 11.29.26	0	0	0	0	0	0	0
2022/08/12 11.29.27	0	0	0	0	0	0	0
2022/08/12 11.29.28	0	0	0	0	0	0	0
2022/08/12 11.29.29	0	0	0	0	0	0	0
2022/08/12 11.29.30	0	0	0	0	0	0	0
2022/08/12 11.29.31	0	0	0	0	0	0	0
2022/08/12 11.29.32	0	0	0	0	0	0	0
2022/08/12 11.29.33	0	0	0	0	0	0	0
2022/08/12 11.29.34	0	0	0	0	0	0	0
2022/08/12 11.29.35	0	0	0	0	0	0	0
2022/08/12 11.29.36	0	0	0	0	0	0	0
2022/08/12 11.29.37	0	0	0	0	0	0	0
2022/08/12 11.29.38	0	0	0	0	0	0	0
2022/08/12 11.29.39	0	0	0	0	0	0	0
2022/08/12 11.29.40	0	0	0	0	0	0	0
2022/08/12 11.29.41	0	0	0	0	0	0	0
2022/08/12 11.29.42	0	0	0	0	0	0	0
2022/08/12 11.29.43	0	0	0	0	0	0	0
2022/08/12 11.29.44	0	0	0	0	0	0	0
2022/08/12 11.29.45	0	0	0	0	0	0	0
2022/08/12 11.29.46	0	0	0	0	0	0	0
2022/08/12 11.29.47	0	0	0	0	0	0	0
2022/08/12 11.29.48	0	0	0	0	0	0	0
2022/08/12 11.29.49	0	0	0	0	0	0	0
2022/08/12 11.29.50	0	0	0	0	0	0	0
2022/08/12 11.29.51	0	0	0	0	0	0	0
2022/08/12 11.29.52	0	0	0	0	0	0	0
2022/08/12 11.29.53	0	0	0	0	0	0	0
2022/08/12 11.29.54	0	0	0	0	0	0	0
2022/08/12 11.29.55	0	0	0	0	0	0	0
2022/08/12 11.29.56	0	0	0	0	0	0	0
2022/08/12 11.29.57	0	0	0	0	0	0	0
2022/08/12 11.29.58	0	0	0	0	0	0	0
2022/08/12 11.29.59	0	0	0	0	0	0	0
2022/08/12 11.30.00	0	0	0	0	0	0	0
2022/08/12 11.30.01	0	0	0	0	0	0	0
2022/08/12 11.30.02	0	0	0	0	0	0	0
2022/08/12 11.30.03	0	0	0	0	0	0	0
2022/08/12 11.30.04	0	0	0	0	0	0	0
2022/08/12 11.30.05	0	0	0	0	0	0	0
2022/08/12 11.30.06	0	0	0	0	0	0	0
2022/08/12 11.30.07	0	0	0	0	0	0	0
2022/08/12 11.30.08	0	0	0	0	0	0	0
2022/08/12 11.30.09	0	0	0	0	0	0	0
2022/08/12 11.30.10	0	0	0	0	0	0	0
2022/08/12 11.30.11	0	0	0	0	0	0	0
2022/08/12 11.30.12	0	0	0	0	0	0	0
2022/08/12 11.30.13	0	0	0	0	0	0	0
2022/08/12 11.30.14	0	0	0	0	0	0	0
2022/08/12 11.30.15	0	0	0	0	0	0	0
2022/08/12 11.30.16	0	0	0	0	0	0	0
2022/08/12 11.30.17	0	0	0	0	0	0	0
2022/08/12 11.30.18	0	0	0	0	0	0	0
2022/08/12 11.30.19	0	0	0	0	0	0	0
2022/08/12 11.30.20	0	0	0	0	0	0	0
2022/08/12 11.30.21	0	0	0	0	0	0	0
2022/08/12 11.30.22	0	0	0	0	0	0	0
2022/08/12 11.30.23	0	0	0	0	0	0	0
2022/08/12 11.30.24	0	0	0	0	0	0	0
2022/08/12 11.30.25	0	0	0	0	0	0	0
2022/08/12 11.30.26	0	0	0	0	0	0	0
2022/08/12 11.30.27	0	0	0	0	0	0	0
2022/08/12 11.30.28	0	0	0	0	0	0	0
2022/08/12 11.30.29	0	0	0	0	0	0	0
2022/08/12 11.30.30	0	0	0	0	0	0	0
2022/08/12 11.30.31	0	0	0	0	0	0	0
2022/08/12 11.30.32	0	0	0	0	0	0	0
2022/08/12 11.30.33	0	0	0	0	0	0	0
2022/08/12 11.30.34	0	0	0	0	0	0	0
2022/08/12 11.30.35	0	0	0	0	0	0	0
2022/08/12 11.30.36	0	0	0	0	0	0	0
2022/08/12 11.30.37	0	0	0	0	0	0	0
2022/08/12 11.30.38	0	0	0	0	0	0	0
2022/08/12 11.30.39	0	0	0	0	0	0	0
2022/08/12 11.30.40	0	0	0	0	0	0	0
2022/08/12 11.30.41	0	0	0	0	0	0	0
2022/08/12 11.30.42	0	0	0	0	0	0	0
2022/08/12 11.30.43	0	0	0	0	0	0	0
2022/08/12 11.30.44	0	0	0	0	0	0	0
2022/08/12 11.30.45	0	0	0	0	0	0	0
2022/08/12 11.30.46	0	0	0	0	0	0	0
2022/08/12 11.30.47	0	0	0	0	0	0	0
2022/08/12 11.30.48	0	0	0	0	0	0	0
2022/08/12 11.30.49	0	0	0	0	0	0	0
2022/08/12 11.30.50	0	0	0	0	0	0	0
2022/08/12 11.30.51	0	0	0	0	0	0	0
2022/08/12 11.30.52	0	0	0	0	0	0	0
2022/08/12 11.30.53	0	0	0	0	0	0	0
2022/08/12 11.30.54	0	0	0	0	0	0	0
2022/08/12 11.31.06	0	0	0	0	0	0	0
2022/08/12 11.31.07	0	0	0	0	0	0	0
2022/08/12 11.31.08	0	0	0	0	0	0	0
2022/08/12 11.31.09	0	0	0	0	0	0	0
2022/08/12 11.31.10	0	0	0	0	0	0	0
2022/08/12 11.31.11	0	0	0	0	0	0	0
2022/08/12 13.35.49	0	0	0	0	0	0	0
2022/08/12 13.35.50	0	0	0	0	0	0	0
2022/08/12 13.35.51	0	0	0	0	0	0	0
2022/08/12 13.35.52	0	0	0	0	0	0	0
2022/08/12 13.35.53	0	0	0	0	0	0	0
2022/08/12 13.35.54	0	0	0	0	0	0	0
2022/08/12 13.35.55	0	0	0	0	0	0	0
2022/08/12 13.35.56	0	0	0	0	0	0	0
2022/08/12 13.35.57	0	0	0	0	0	0	0
2022/08/12 13.35.58	0	0	0	0	0	0	0
2022/08/12 13.35.59	0	0	0	0	0	0	0
2022/08/12 13.36.00	0	0	0	0	0	0	0
2022/08/12 13.36.03	0	0	0	0	0	0	0
2022/08/12 13.36.04	0	0	0	0	0	0	0
2022/08/12 13.36.05	0	0	0	0	0	0	0
2022/08/12 13.36.06	0	0	0	0	0	0	0
2022/08/12 13.36.07	0	0	0	0	0	0	0
2022/08/12 13.36.08	0	0	0	0	0	0	0
2022/08/12 13.36.09	0	0	0	0	0	0	0
2022/08/12 13.36.10	0	0	0	0	0	0	0
2022/08/12 13.36.11	0	0	0	0	0	0	0
2022/08/12 13.36.12	0	0	0	0	0	0	0
2022/08/12 13.36.13	0	0	0	0	0	0	0
2022/08/12 13.36.14	0	0	0	0	0	0	0
2022/08/12 13.36.15	0	0	0	0	0	0	0
2022/08/12 13.36.16	0	0	0	0	0	0	0
2022/08/12 13.36.17	0	0	0	0	0	0	0
2022/08/12 13.36.18	0	0	0	0	0	0	0
2022/08/12 13.36.19	0	0	0	0	0	0	0
2022/08/12 13.36.20	0	0	0	0	0	0	0
2022/08/12 13.36.21	0	0	0	0	0	0	0
2022/08/12 13.36.23	0	1	60	17,9640718562874	0,0179640718562874	0,179640718562874	0
2022/08/12 13.36.24	0	0	0	0	0	0	0
2022/08/12 13.36.25	0	0	0	0	0	0	0
2022/08/12 13.36.26	0	1	60	17,9640718562874	0,0179640718562874	0,179640718562874	0
2022/08/12 13.36.27	0	2	120	35,9281437125749	0,0359281437125748	0,359281437125749	0
2022/08/12 13.36.28	0	0	0	0	0	0	0
2022/08/12 13.36.29	0	0	0	0	0	0	0
2022/08/12 13.36.30	0	1	60	17,9640718562874	0,0179640718562874	0,179640718562874	0
2022/08/12 13.36.31	0	0	0	0	0	0	0
2022/08/12 13.36.32	0	1	60	17,9640718562874	0,0179640718562874	0,179640718562874	0
2022/08/12 13.36.33	0	0	0	0	0	0	0
2022/08/12 13.36.34	0	0	0	0	0	0	0
2022/08/12 13.36.35	0	0	0	0	0	0	0
2022/08/12 13.36.36	0	1	60	17,9640718562874	0,0179640718562874	0,179640718562874	0
2022/08/12 13.36.37	0	0	0	0	0	0	0
2022/08/12 13.36.38	0	2	120	35,9281437125749	0,0359281437125748	0,359281437125749	0
2022/08/12 13.36.39	0	0	0	0	0	0	0
2022/08/12 13.36.40	0	1	60	17,9640718562874	0,0179640718562874	0,179640718562874	0
2022/08/12 13.36.41	0	1	60	17,9640718562874	0,0179640718562874	0,179640718562874	0
2022/08/12 13.36.42	0	2	120	35,9281437125749	0,0359281437125748	0,359281437125749	0
2022/08/12 13.36.43	0	0	0	0	0	0	0
2022/08/12 13.36.44	0	1	60	17,9640718562874	0,0179640718562874	0,179640718562874	0
2022/08/12 13.36.45	0	1	60	17,9640718562874	0,0179640718562874	0,179640718562874	0
2022/08/12 13.36.46	0	2	120	35,9281437125749	0,0359281437125748	0,359281437125749	0
2022/08/12 13.36.47	0	0	0	0	0	0	0
2022/08/12 13.36.48	0	1	60	17,9640718562874	0,0179640718562874	0,179640718562874	0
2022/08/12 13.36.49	0	1	60	17,9640718562874	0,0179640718562874	0,179640718562874	0
2022/08/12 13.36.50	0	3	180	53,8922155688623	0,0538922155688623	0,538922155688623	0
2022/08/12 13.36.51	0	0	0	0	0	0	0
2022/08/12 13.36.52	0	0	0	0	0	0	0
2022/08/12 13.36.53	0	1	60	17,9640718562874	0,0179640718562874	0,179640718562874	0
2022/08/12 13.36.54	0	1	60	17,9640718562874	0,0179640718562874	0,179640718562874	0
2022/08/12 13.36.55	0	1	60	17,9640718562874	0,0179640718562874	0,179640718562874	0
2022/08/12 13.36.56	0	1	60	17,9640718562874	0,0179640718562874	0,179640718562874	0
2022/08/12 13.36.57	0	0	0	0	0	0	0
2022/08/12 13.36.58	0	0	0	0	0	0	0
2022/08/12 13.36.59	0	0	0	0	0	0	0
2022/08/12 13.37.00	0	0	0	0	0	0	0
2022/08/12 13.37.01	0	0	0	0	0	0	0
2022/08/12 13.37.02	0	0	0	0	0	0	0
2022/08/12 13.37.03	0	4	240	71,8562874251497	0,0718562874251497	0,718562874251497	0
2022/08/12 13.37.04	0	2	120	35,9281437125749	0,0359281437125748	0,359281437125749	0
2022/08/12 13.37.05	0	1	60	17,9640718562874	0,0179640718562874	0,179640718562874	0
2022/08/12 13.37.06	0	2	120	35,9281437125749	0,0359281437125748	0,359281437125749	0
2022/08/12 13.37.07	0	1	60	17,9640718562874	0,0179640718562874	0,179640718562874	0
2022/08/12 13.37.08	0	0	0	0	0	0	0
2022/08/12 13.37.09	0	0	0	0	0	0	0
2022/08/12 13.37.10	0	0	0	0	0	0	0
2022/08/12 13.37.11	0	1	60	17,9640718562874	0,0179640718562874	0,179640718562874	0
2022/08/12 13.37.12	0	1	60	17,9640718562874	0,0179640718562874	0,179640718562874	0
2022/08/12 13.37.13	0	1	60	17,9640718562874	0,0179640718562874	0,179640718562874	0
2022/08/12 13.37.14	0	1	60	17,9640718562874	0,0179640718562874	0,179640718562874	0
2022/08/12 13.37.15	0	0	0	0	0	0	0
2022/08/12 13.37.16	0	1	60	17,9640718562874	0,0179640718562874	0,179640718562874	0
2022/08/12 13.37.17	0	2	120	35,9281437125749	0,0359281437125748	0,359281437125749	0
2022/08/12 13.37.18	0	0	0	0	0	0	0
2022/08/12 13.37.19	0	2	120	35,9281437125749	0,0359281437125748	0,359281437125749	0
2022/08/12 13.37.20	0	0	0	0	0	0	0
2022/08/12 13.37.21	0	0	0	0	0	0	0
2022/08/12 13.37.22	0	1	60	17,9640718562874	0,0179640718562874	0,179640718562874	0
2022/08/12 13.37.23	0	1	60	17,9640718562874	0,0179640718562874	0,179640718562874	0
2022/08/12 13.37.24	0	0	0	0	0	0	0
2022/08/12 13.37.25	0	1	60	17,9640718562874	0,0179640718562874	0,179640718562874	0
2022/08/12 13.37.26	0	0	0	0	0	0	0
2022/08/12 13.37.27	0	0	0	0	0	0	0
2022/08/12 13.37.28	0	1	60	17,9640718562874	0,0179640718562874	0,179640718562874	0
2022/08/12 13.37.29	0	0	0	0	0	0	0
2022/08/12 13.37.30	0	0	0	0	0	0	0
2022/08/12 13.37.31	0	1	60	17,9640718562874	0,0179640718562874	0,179640718562874	0
2022/08/12 13.37.32	0	0	0	0	0	0	0
2022/08/12 13.37.33	0	1	60	17,9640718562874	0,0179640718562874	0,179640718562874	0
2022/08/12 13.37.34	0	1	60	17,9640718562874	0,0179640718562874	0,179640718562874	0
2022/08/12 13.37.35	0	0	0	0	0	0	0
2022/08/12 13.37.36	0	0	0	0	0	0	0
2022/08/12 13.37.37	0	0	0	0	0	0	0
2022/08/12 13.37.38	0	1	60	17,9640718562874	0,0179640718562874	0,179640718562874	0
2022/08/12 13.37.39	0	0	0	0	0	0	0
2022/08/12 13.37.40	0	1	60	17,9640718562874	0,0179640718562874	0,179640718562874	0
2022/08/12 13.37.41	0	0	0	0	0	0	0
2022/08/12 13.37.42	0	0	0	0	0	0	0
2022/08/12 13.37.43	0	0	0	0	0	0	0
2022/08/12 13.37.44	0	1	60	17,9640718562874	0,0179640718562874	0,179640718562874	0
2022/08/12 13.37.45	0	1	60	17,9640718562874	0,0179640718562874	0,179640718562874	0
2022/08/12 13.37.46	0	0	0	0	0	0	0
2022/08/12 13.37.47	0	1	60	17,9640718562874	0,0179640718562874	0,179640718562874	0
2022/08/12 13.37.48	0	0	0	0	0	0	0
2022/08/12 13.37.49	0	0	0	0	0	0	0
2022/08/12 13.37.50	0	1	60	17,9640718562874	0,0179640718562874	0,179640718562874	0
2022/08/12 13.37.51	0	0	0	0	0	0	0
2022/08/12 13.37.52	0	0	0	0	0	0	0
2022/08/12 13.37.53	0	2	120	35,9281437125749	0,0359281437125748	0,359281437125749	0
2022/08/12 13.37.54	0	0	0	0	0	0	0
2022/08/12 13.37.55	0	1	60	17,9640718562874	0,0179640718562874	0,179640718562874	0
2022/08/12 13.37.56	0	0	0	0	0	0	0
2022/08/12 13.37.57	0	0	0	0	0	0	0
2022/08/12 13.37.58	0	1	60	17,9640718562874	0,0179640718562874	0,179640718562874	0
2022/08/12 13.37.59	0	0	0	0	0	0	0
2022/08/12 13.38.00	0	1	60	17,9640718562874	0,0179640718562874	0,179640718562874	0
2022/08/12 13.38.01	0	0	0	0	0	0	0
2022/08/12 13.38.02	0	1	60	17,9640718562874	0,0179640718562874	0,179640718562874	0
2022/08/12 13.38.03	0	1	60	17,9640718562874	0,0179640718562874	0,179640718562874	0
2022/08/12 13.38.04	0	0	0	0	0	0	0
2022/08/12 13.38.05	0	1	60	17,9640718562874	0,0179640718562874	0,179640718562874	0
2022/08/12 13.38.06	0	1	60	17,9640718562874	0,0179640718562874	0,179640718562874	0
2022/08/12 13.38.07	0	1	60	17,9640718562874	0,0179640718562874	0,179640718562874	0
