Date/Time	counts (1 sec)	cps	cpm	µR/h	mR/h	µSv/h	Averaging Time (sec)
2022/08/12 09.43.56	1	1	60	17,9640718562874	0,0179640718562874	0,179640718562874	1
2022/08/12 09.43.57	0	0	0	0	0	0	1
2022/08/12 09.43.58	0	0	0	0	0	0	1
2022/08/12 09.43.59	0	0	0	0	0	0	1
2022/08/12 09.44.00	1	1	60	17,9640718562874	0,0179640718562874	0,179640718562874	1
2022/08/12 09.44.01	1	1	60	17,9640718562874	0,0179640718562874	0,179640718562874	1
2022/08/12 09.44.02	2	2	120	35,9281437125749	0,0359281437125748	0,359281437125749	1
2022/08/12 09.44.03	0	0	0	0	0	0	1
2022/08/12 09.44.04	2	2	120	35,9281437125749	0,0359281437125748	0,359281437125749	1
2022/08/12 09.44.05	1	1	60	17,9640718562874	0,0179640718562874	0,179640718562874	1
2022/08/12 09.44.06	2	2	120	35,9281437125749	0,0359281437125748	0,359281437125749	1
2022/08/12 09.44.07	1	1	60	17,9640718562874	0,0179640718562874	0,179640718562874	1
2022/08/12 09.44.08	2	2	120	35,9281437125749	0,0359281437125748	0,359281437125749	1
2022/08/12 09.44.09	0	0	0	0	0	0	1
2022/08/12 09.44.10	0	0	0	0	0	0	1
2022/08/12 09.44.11	1	1	60	17,9640718562874	0,0179640718562874	0,179640718562874	1
2022/08/12 09.44.12	0	0	0	0	0	0	1
2022/08/12 09.44.13	1	1	60	17,9640718562874	0,0179640718562874	0,179640718562874	1
2022/08/12 09.44.14	2	2	120	35,9281437125749	0,0359281437125748	0,359281437125749	1
2022/08/12 09.44.15	0	0	0	0	0	0	1
2022/08/12 09.44.16	1	1	60	17,9640718562874	0,0179640718562874	0,179640718562874	1
2022/08/12 09.44.17	1	1	60	17,9640718562874	0,0179640718562874	0,179640718562874	1
2022/08/12 09.44.18	1	1	60	17,9640718562874	0,0179640718562874	0,179640718562874	1
2022/08/12 09.44.19	0	0	0	0	0	0	1
2022/08/12 09.44.20	0	0	0	0	0	0	1
2022/08/12 09.44.21	0	0	0	0	0	0	1
2022/08/12 09.44.22	0	0	0	0	0	0	1
2022/08/12 09.44.23	0	0	0	0	0	0	1
2022/08/12 09.44.24	0	0	0	0	0	0	1
2022/08/12 09.44.25	0	0	0	0	0	0	1
2022/08/12 09.44.26	0	0	0	0	0	0	1
2022/08/12 09.44.27	1	1	60	17,9640718562874	0,0179640718562874	0,179640718562874	1
2022/08/12 09.44.28	1	1	60	17,9640718562874	0,0179640718562874	0,179640718562874	1
2022/08/12 09.44.29	0	0	0	0	0	0	1
2022/08/12 09.44.30	0	0	0	0	0	0	1
2022/08/12 09.44.31	0	0	0	0	0	0	1
2022/08/12 09.44.32	0	0	0	0	0	0	1
2022/08/12 09.44.33	1	1	60	17,9640718562874	0,0179640718562874	0,179640718562874	1
2022/08/12 09.44.34	1	1	60	17,9640718562874	0,0179640718562874	0,179640718562874	1
2022/08/12 09.44.35	0	0	0	0	0	0	1
2022/08/12 09.44.36	1	1	60	17,9640718562874	0,0179640718562874	0,179640718562874	1
2022/08/12 09.44.37	0	0	0	0	0	0	1
2022/08/12 09.44.38	1	1	60	17,9640718562874	0,0179640718562874	0,179640718562874	1
2022/08/12 09.44.39	1	1	60	17,9640718562874	0,0179640718562874	0,179640718562874	1
2022/08/12 09.44.40	2	2	120	35,9281437125749	0,0359281437125748	0,359281437125749	1
2022/08/12 09.44.41	0	0	0	0	0	0	1
2022/08/12 09.44.42	0	0	0	0	0	0	1
2022/08/12 09.44.43	1	1	60	17,9640718562874	0,0179640718562874	0,179640718562874	1
2022/08/12 09.44.44	0	0	0	0	0	0	1
2022/08/12 09.44.45	0	0	0	0	0	0	1
2022/08/12 09.44.46	1	1	60	17,9640718562874	0,0179640718562874	0,179640718562874	1
2022/08/12 09.44.47	0	0	0	0	0	0	1
2022/08/12 09.44.48	1	1	60	17,9640718562874	0,0179640718562874	0,179640718562874	1
2022/08/12 09.44.49	1	1	60	17,9640718562874	0,0179640718562874	0,179640718562874	1
2022/08/12 09.44.50	2	2	120	35,9281437125749	0,0359281437125748	0,359281437125749	1
2022/08/12 09.44.51	1	1	60	17,9640718562874	0,0179640718562874	0,179640718562874	1
2022/08/12 09.44.52	1	1	60	17,9640718562874	0,0179640718562874	0,179640718562874	1
2022/08/12 09.44.53	0	0	0	0	0	0	1
2022/08/12 09.44.54	1	1	60	17,9640718562874	0,0179640718562874	0,179640718562874	1
2022/08/12 09.44.55	1	1	60	17,9640718562874	0,0179640718562874	0,179640718562874	1
2022/08/12 09.44.56	0	0	0	0	0	0	1
2022/08/12 09.44.57	0	0	0	0	0	0	1
2022/08/12 09.44.58	1	1	60	17,9640718562874	0,0179640718562874	0,179640718562874	1
2022/08/12 09.44.59	0	0	0	0	0	0	1
2022/08/12 09.45.00	0	0	0	0	0	0	1
2022/08/12 09.45.01	2	2	120	35,9281437125749	0,0359281437125748	0,359281437125749	1
2022/08/12 09.45.02	2	2	120	35,9281437125749	0,0359281437125748	0,359281437125749	1
2022/08/12 09.45.03	0	0	0	0	0	0	1
2022/08/12 09.45.04	0	0	0	0	0	0	1
2022/08/12 09.45.05	3	3	180	53,8922155688623	0,0538922155688623	0,538922155688623	1
2022/08/12 09.45.06	0	0	0	0	0	0	1
2022/08/12 09.45.07	2	2	120	35,9281437125749	0,0359281437125748	0,359281437125749	1
2022/08/12 09.45.08	0	0	0	0	0	0	1
2022/08/12 09.45.09	1	1	60	17,9640718562874	0,0179640718562874	0,179640718562874	1
2022/08/12 09.45.10	1	1	60	17,9640718562874	0,0179640718562874	0,179640718562874	1
2022/08/12 09.45.11	0	0	0	0	0	0	1
2022/08/12 09.45.12	0	0	0	0	0	0	1
2022/08/12 09.45.13	0	0	0	0	0	0	1
2022/08/12 09.45.14	0	0	0	0	0	0	1
2022/08/12 09.45.15	1	1	60	17,9640718562874	0,0179640718562874	0,179640718562874	1
2022/08/12 09.45.16	0	0	0	0	0	0	1
2022/08/12 09.45.17	1	1	60	17,9640718562874	0,0179640718562874	0,179640718562874	1
2022/08/12 09.45.18	0	0	0	0	0	0	1
2022/08/12 09.45.19	1	1	60	17,9640718562874	0,0179640718562874	0,179640718562874	1
2022/08/12 09.45.20	0	0	0	0	0	0	1
2022/08/12 09.45.21	1	1	60	17,9640718562874	0,0179640718562874	0,179640718562874	1
2022/08/12 09.45.22	0	0	0	0	0	0	1
2022/08/12 09.45.23	2	2	120	35,9281437125749	0,0359281437125748	0,359281437125749	1
2022/08/12 09.45.24	2	2	120	35,9281437125749	0,0359281437125748	0,359281437125749	1
2022/08/12 09.45.25	0	0	0	0	0	0	1
2022/08/12 09.45.26	0	0	0	0	0	0	1
2022/08/12 09.45.27	1	1	60	17,9640718562874	0,0179640718562874	0,179640718562874	1
2022/08/12 09.45.28	1	1	60	17,9640718562874	0,0179640718562874	0,179640718562874	1
2022/08/12 09.45.29	0	0	0	0	0	0	1
2022/08/12 09.45.30	0	0	0	0	0	0	1
2022/08/12 09.45.31	0	0	0	0	0	0	1
2022/08/12 09.45.32	0	0	0	0	0	0	1
2022/08/12 09.45.33	1	1	60	17,9640718562874	0,0179640718562874	0,179640718562874	1
2022/08/12 09.45.34	0	0	0	0	0	0	1
2022/08/12 09.45.35	1	1	60	17,9640718562874	0,0179640718562874	0,179640718562874	1
2022/08/12 09.45.36	2	2	120	35,9281437125749	0,0359281437125748	0,359281437125749	1
2022/08/12 09.45.37	1	1	60	17,9640718562874	0,0179640718562874	0,179640718562874	1
2022/08/12 09.45.38	0	0	0	0	0	0	1
2022/08/12 09.45.39	1	1	60	17,9640718562874	0,0179640718562874	0,179640718562874	1
2022/08/12 09.45.40	0	0	0	0	0	0	1
2022/08/12 09.45.41	0	0	0	0	0	0	1
2022/08/12 09.45.42	1	1	60	17,9640718562874	0,0179640718562874	0,179640718562874	1
2022/08/12 09.45.43	1	1	60	17,9640718562874	0,0179640718562874	0,179640718562874	1
2022/08/12 09.45.44	1	1	60	17,9640718562874	0,0179640718562874	0,179640718562874	1
2022/08/12 09.45.45	0	0	0	0	0	0	1
2022/08/12 09.45.46	1	1	60	17,9640718562874	0,0179640718562874	0,179640718562874	1
2022/08/12 09.45.47	1	1	60	17,9640718562874	0,0179640718562874	0,179640718562874	1
2022/08/12 09.45.48	0	0	0	0	0	0	1
2022/08/12 09.45.49	0	0	0	0	0	0	1
2022/08/12 09.45.50	1	1	60	17,9640718562874	0,0179640718562874	0,179640718562874	1
2022/08/12 09.45.51	1	1	60	17,9640718562874	0,0179640718562874	0,179640718562874	1
2022/08/12 09.45.52	2	2	120	35,9281437125749	0,0359281437125748	0,359281437125749	1
2022/08/12 09.45.53	0	0	0	0	0	0	1
2022/08/12 09.45.54	1	1	60	17,9640718562874	0,0179640718562874	0,179640718562874	1
2022/08/12 09.45.55	1	1	60	17,9640718562874	0,0179640718562874	0,179640718562874	1
2022/08/12 09.45.56	0	0	0	0	0	0	1
2022/08/12 09.45.57	0	0	0	0	0	0	1
2022/08/12 09.45.58	1	1	60	17,9640718562874	0,0179640718562874	0,179640718562874	1
2022/08/12 09.45.59	0	0	0	0	0	0	1
2022/08/12 09.46.00	1	1	60	17,9640718562874	0,0179640718562874	0,179640718562874	1
2022/08/12 09.46.01	1	1	60	17,9640718562874	0,0179640718562874	0,179640718562874	1
2022/08/12 09.46.02	0	0	0	0	0	0	1
2022/08/12 09.46.03	0	0	0	0	0	0	1
2022/08/12 09.46.04	0	0	0	0	0	0	1
2022/08/12 09.46.05	1	1	60	17,9640718562874	0,0179640718562874	0,179640718562874	1
2022/08/12 09.46.06	0	0	0	0	0	0	1
2022/08/12 09.46.07	0	0	0	0	0	0	1
2022/08/12 09.46.08	0	0	0	0	0	0	1
2022/08/12 09.46.09	1	1	60	17,9640718562874	0,0179640718562874	0,179640718562874	1
2022/08/12 09.46.10	0	0	0	0	0	0	1
2022/08/12 09.46.11	1	1	60	17,9640718562874	0,0179640718562874	0,179640718562874	1
2022/08/12 09.46.12	0	0	0	0	0	0	1
2022/08/12 09.46.13	0	0	0	0	0	0	1
2022/08/12 09.46.14	0	0	0	0	0	0	1
2022/08/12 09.46.15	0	0	0	0	0	0	1
2022/08/12 09.46.16	1	1	60	17,9640718562874	0,0179640718562874	0,179640718562874	1
2022/08/12 09.46.17	0	0	0	0	0	0	1
2022/08/12 09.46.18	2	2	120	35,9281437125749	0,0359281437125748	0,359281437125749	1
2022/08/12 09.46.19	0	0	0	0	0	0	1
2022/08/12 09.46.20	1	1	60	17,9640718562874	0,0179640718562874	0,179640718562874	1
2022/08/12 09.46.21	1	1	60	17,9640718562874	0,0179640718562874	0,179640718562874	1
2022/08/12 09.46.22	0	0	0	0	0	0	1
2022/08/12 09.46.23	2	2	120	35,9281437125749	0,0359281437125748	0,359281437125749	1
2022/08/12 09.46.24	1	1	60	17,9640718562874	0,0179640718562874	0,179640718562874	1
2022/08/12 09.46.25	1	1	60	17,9640718562874	0,0179640718562874	0,179640718562874	1
2022/08/12 09.46.26	1	1	60	17,9640718562874	0,0179640718562874	0,179640718562874	1
2022/08/12 09.46.27	1	1	60	17,9640718562874	0,0179640718562874	0,179640718562874	1
2022/08/12 09.46.28	1	1	60	17,9640718562874	0,0179640718562874	0,179640718562874	1
2022/08/12 09.46.29	1	1	60	17,9640718562874	0,0179640718562874	0,179640718562874	1
2022/08/12 09.46.30	0	0	0	0	0	0	1
2022/08/12 09.46.31	0	0	0	0	0	0	1
2022/08/12 09.46.32	1	1	60	17,9640718562874	0,0179640718562874	0,179640718562874	1
2022/08/12 09.46.34	0	0	0	0	0	0	1
2022/08/12 09.46.35	0	0	0	0	0	0	1
2022/08/12 09.46.36	2	0	0	0	0	0	1
2022/08/12 09.46.37	1	0	0	0	0	0	1
2022/08/12 09.46.38	1	0	0	0	0	0	1
2022/08/12 09.46.39	0	0	0	0	0	0	1
2022/08/12 09.46.40	0	0	0	0	0	0	1
2022/08/12 09.46.41	0	0	0	0	0	0	1
2022/08/12 09.46.42	0	0	0	0	0	0	1
2022/08/12 09.46.43	0	0	0	0	0	0	1
2022/08/12 09.46.44	1	0	0	0	0	0	1
2022/08/12 09.46.47	1	0	0	0	0	0	1
2022/08/12 09.46.48	1	0	0	0	0	0	1
2022/08/12 09.46.49	0	2	120	35,9281437125749	0,0359281437125748	0,359281437125749	1
2022/08/12 09.46.50	0	1	60	17,9640718562874	0,0179640718562874	0,179640718562874	1
2022/08/12 09.46.51	0	1	60	17,9640718562874	0,0179640718562874	0,179640718562874	1
2022/08/12 09.46.52	1	0	0	0	0	0	1
2022/08/12 09.46.53	0	0	0	0	0	0	1
2022/08/12 09.46.54	1	0	0	0	0	0	1
2022/08/12 09.46.55	2	0	0	0	0	0	1
2022/08/12 09.46.56	0	0	0	0	0	0	1
2022/08/12 09.46.57	0	1	60	17,9640718562874	0,0179640718562874	0,179640718562874	1
2022/08/12 09.46.58	0	1	60	17,9640718562874	0,0179640718562874	0,179640718562874	1
2022/08/12 09.46.59	2	1	60	17,9640718562874	0,0179640718562874	0,179640718562874	1
2022/08/12 09.47.00	1	0	0	0	0	0	1
2022/08/12 09.47.01	0	0	0	0	0	0	1
2022/08/12 09.47.02	2	0	0	0	0	0	1
2022/08/12 09.47.03	0	1	60	17,9640718562874	0,0179640718562874	0,179640718562874	1
2022/08/12 09.47.04	1	0	0	0	0	0	1
2022/08/12 09.47.05	0	1	60	17,9640718562874	0,0179640718562874	0,179640718562874	1
2022/08/12 09.47.06	2	2	120	35,9281437125749	0,0359281437125748	0,359281437125749	1
2022/08/12 09.47.07	0	0	0	0	0	0	1
2022/08/12 09.47.08	0	0	0	0	0	0	1
2022/08/12 09.47.09	0	0	0	0	0	0	1
2022/08/12 09.47.10	1	2	120	35,9281437125749	0,0359281437125748	0,359281437125749	1
2022/08/12 09.47.11	0	1	60	17,9640718562874	0,0179640718562874	0,179640718562874	1
2022/08/12 09.47.12	0	0	0	0	0	0	1
2022/08/12 09.47.13	0	2	120	35,9281437125749	0,0359281437125748	0,359281437125749	1
2022/08/12 09.47.14	0	0	0	0	0	0	1
2022/08/12 09.47.15	0	1	60	17,9640718562874	0,0179640718562874	0,179640718562874	1
2022/08/12 09.47.16	0	0	0	0	0	0	1
2022/08/12 09.47.17	1	2	120	35,9281437125749	0,0359281437125748	0,359281437125749	1
2022/08/12 09.47.18	0	0	0	0	0	0	1
2022/08/12 09.47.19	0	0	0	0	0	0	1
2022/08/12 09.47.20	0	0	0	0	0	0	1
2022/08/12 09.47.21	0	1	60	17,9640718562874	0,0179640718562874	0,179640718562874	1
2022/08/12 09.47.22	3	0	0	0	0	0	1
2022/08/12 09.47.23	1	0	0	0	0	0	1
2022/08/12 09.47.24	0	0	0	0	0	0	1
2022/08/12 09.47.25	0	0	0	0	0	0	1
2022/08/12 09.47.26	0	0	0	0	0	0	1
2022/08/12 09.47.27	2	0	0	0	0	0	1
2022/08/12 09.47.28	0	1	60	17,9640718562874	0,0179640718562874	0,179640718562874	1
2022/08/12 09.47.29	1	0	0	0	0	0	1
2022/08/12 09.47.30	0	0	0	0	0	0	1
2022/08/12 09.47.31	1	0	0	0	0	0	1
2022/08/12 09.47.32	2	0	0	0	0	0	1
2022/08/12 09.47.33	1	3	180	53,8922155688623	0,0538922155688623	0,538922155688623	1
2022/08/12 09.47.34	1	1	60	17,9640718562874	0,0179640718562874	0,179640718562874	1
2022/08/12 09.47.35	0	0	0	0	0	0	1
2022/08/12 09.47.36	0	0	0	0	0	0	1
2022/08/12 09.47.37	0	0	0	0	0	0	1
2022/08/12 09.47.38	0	2	120	35,9281437125749	0,0359281437125748	0,359281437125749	1
2022/08/12 09.47.39	0	0	0	0	0	0	1
2022/08/12 09.47.40	0	1	60	17,9640718562874	0,0179640718562874	0,179640718562874	1
2022/08/12 09.47.41	0	0	0	0	0	0	1
2022/08/12 09.47.42	0	1	60	17,9640718562874	0,0179640718562874	0,179640718562874	1
2022/08/12 09.47.43	1	2	120	35,9281437125749	0,0359281437125748	0,359281437125749	1
2022/08/12 09.47.44	0	1	60	17,9640718562874	0,0179640718562874	0,179640718562874	1
2022/08/12 09.47.45	0	1	60	17,9640718562874	0,0179640718562874	0,179640718562874	1
2022/08/12 09.47.46	1	0	0	0	0	0	1
2022/08/12 09.47.47	1	0	0	0	0	0	1
2022/08/12 09.47.48	5	0	0	0	0	0	1
2022/08/12 09.47.49	0	0	0	0	0	0	1
2022/08/12 09.47.50	0	0	0	0	0	0	1
2022/08/12 09.47.51	0	0	0	0	0	0	1
2022/08/12 09.47.52	0	0	0	0	0	0	1
2022/08/12 09.47.53	1	0	0	0	0	0	1
2022/08/12 09.47.54	1	1	60	17,9640718562874	0,0179640718562874	0,179640718562874	1
2022/08/12 09.47.55	0	0	0	0	0	0	1
2022/08/12 09.47.56	0	0	0	0	0	0	1
2022/08/12 09.47.57	1	1	60	17,9640718562874	0,0179640718562874	0,179640718562874	1
2022/08/12 09.47.58	1	1	60	17,9640718562874	0,0179640718562874	0,179640718562874	1
2022/08/12 09.47.59	0	5	300	89,8203592814371	0,0898203592814371	0,898203592814371	1
2022/08/12 09.48.00	1	0	0	0	0	0	1
2022/08/12 09.48.01	0	0	0	0	0	0	1
2022/08/12 09.48.02	2	0	0	0	0	0	1
2022/08/12 09.48.03	1	0	0	0	0	0	1
2022/08/12 09.48.04	0	1	60	17,9640718562874	0,0179640718562874	0,179640718562874	1
2022/08/12 09.48.05	1	1	60	17,9640718562874	0,0179640718562874	0,179640718562874	1
2022/08/12 09.48.06	0	0	0	0	0	0	1
2022/08/12 09.48.07	0	0	0	0	0	0	1
2022/08/12 09.48.08	0	1	60	17,9640718562874	0,0179640718562874	0,179640718562874	1
2022/08/12 09.48.09	1	1	60	17,9640718562874	0,0179640718562874	0,179640718562874	1
2022/08/12 09.48.10	0	0	0	0	0	0	1
2022/08/12 09.48.11	0	1	60	17,9640718562874	0,0179640718562874	0,179640718562874	1
2022/08/12 09.48.12	1	0	0	0	0	0	1
2022/08/12 09.48.13	0	2	120	35,9281437125749	0,0359281437125748	0,359281437125749	1
2022/08/12 09.48.14	1	1	60	17,9640718562874	0,0179640718562874	0,179640718562874	1
2022/08/12 09.48.15	0	0	0	0	0	0	1
2022/08/12 09.48.16	0	1	60	17,9640718562874	0,0179640718562874	0,179640718562874	1
2022/08/12 09.48.17	0	0	0	0	0	0	1
2022/08/12 09.48.18	2	0	0	0	0	0	1
2022/08/12 09.48.19	0	0	0	0	0	0	1
2022/08/12 09.48.20	1	1	60	17,9640718562874	0,0179640718562874	0,179640718562874	1
2022/08/12 09.48.21	1	0	0	0	0	0	1
2022/08/12 09.48.22	0	0	0	0	0	0	1
2022/08/12 09.48.23	0	1	60	17,9640718562874	0,0179640718562874	0,179640718562874	1
2022/08/12 09.48.24	0	0	0	0	0	0	1
2022/08/12 09.48.25	2	1	60	17,9640718562874	0,0179640718562874	0,179640718562874	1
2022/08/12 09.48.26	0	0	0	0	0	0	1
2022/08/12 09.48.27	3	0	0	0	0	0	1
2022/08/12 09.48.28	1	0	0	0	0	0	1
2022/08/12 09.48.29	1	2	120	35,9281437125749	0,0359281437125748	0,359281437125749	1
2022/08/12 09.48.30	0	0	0	0	0	0	1
2022/08/12 09.48.31	1	1	60	17,9640718562874	0,0179640718562874	0,179640718562874	1
2022/08/12 09.48.32	0	1	60	17,9640718562874	0,0179640718562874	0,179640718562874	1
2022/08/12 09.48.33	1	0	0	0	0	0	1
2022/08/12 09.48.34	0	0	0	0	0	0	1
2022/08/12 09.48.35	2	0	0	0	0	0	1
2022/08/12 09.48.36	0	2	120	35,9281437125749	0,0359281437125748	0,359281437125749	1
2022/08/12 09.48.37	0	0	0	0	0	0	1
2022/08/12 09.48.38	0	3	180	53,8922155688623	0,0538922155688623	0,538922155688623	1
2022/08/12 09.48.39	1	1	60	17,9640718562874	0,0179640718562874	0,179640718562874	1
2022/08/12 09.48.40	2	1	60	17,9640718562874	0,0179640718562874	0,179640718562874	1
2022/08/12 09.48.41	2	0	0	0	0	0	1
2022/08/12 09.48.42	0	1	60	17,9640718562874	0,0179640718562874	0,179640718562874	1
2022/08/12 09.48.43	0	0	0	0	0	0	1
2022/08/12 09.48.44	1	1	60	17,9640718562874	0,0179640718562874	0,179640718562874	1
2022/08/12 09.48.45	0	0	0	0	0	0	1
2022/08/12 09.48.46	0	2	120	35,9281437125749	0,0359281437125748	0,359281437125749	1
2022/08/12 09.48.47	0	0	0	0	0	0	1
2022/08/12 09.48.48	0	0	0	0	0	0	1
2022/08/12 09.48.49	1	0	0	0	0	0	1
2022/08/12 09.48.50	0	1	60	17,9640718562874	0,0179640718562874	0,179640718562874	1
2022/08/12 09.48.51	0	2	120	35,9281437125749	0,0359281437125748	0,359281437125749	1
2022/08/12 09.48.52	0	2	120	35,9281437125749	0,0359281437125748	0,359281437125749	1
2022/08/12 09.48.53	2	0	0	0	0	0	1
2022/08/12 09.48.54	1	0	0	0	0	0	1
2022/08/12 09.48.55	0	1	60	17,9640718562874	0,0179640718562874	0,179640718562874	1
2022/08/12 09.48.56	1	0	0	0	0	0	1
2022/08/12 09.48.57	0	0	0	0	0	0	1
2022/08/12 09.48.58	0	0	0	0	0	0	1
2022/08/12 09.48.59	0	0	0	0	0	0	1
2022/08/12 09.49.00	1	1	60	17,9640718562874	0,0179640718562874	0,179640718562874	1
2022/08/12 09.49.01	0	0	0	0	0	0	1
2022/08/12 09.49.02	1	0	0	0	0	0	1
2022/08/12 09.49.03	0	0	0	0	0	0	1
2022/08/12 09.49.04	1	2	120	35,9281437125749	0,0359281437125748	0,359281437125749	1
2022/08/12 09.49.05	3	1	60	17,9640718562874	0,0179640718562874	0,179640718562874	1
2022/08/12 09.49.06	0	0	0	0	0	0	1
2022/08/12 09.49.07	1	1	60	17,9640718562874	0,0179640718562874	0,179640718562874	1
2022/08/12 09.49.08	1	0	0	0	0	0	1
2022/08/12 09.49.09	1	0	0	0	0	0	1
2022/08/12 09.49.10	1	0	0	0	0	0	1
2022/08/12 09.49.11	1	1	60	17,9640718562874	0,0179640718562874	0,179640718562874	1
2022/08/12 09.49.12	0	0	0	0	0	0	1
2022/08/12 09.49.13	1	1	60	17,9640718562874	0,0179640718562874	0,179640718562874	1
2022/08/12 09.49.14	1	0	0	0	0	0	1
2022/08/12 09.49.15	0	1	60	17,9640718562874	0,0179640718562874	0,179640718562874	1
2022/08/12 09.49.16	1	3	180	53,8922155688623	0,0538922155688623	0,538922155688623	1
2022/08/12 09.49.17	0	0	0	0	0	0	1
2022/08/12 09.49.18	0	1	60	17,9640718562874	0,0179640718562874	0,179640718562874	1
2022/08/12 09.49.19	0	1	60	17,9640718562874	0,0179640718562874	0,179640718562874	1
2022/08/12 09.49.20	1	1	60	17,9640718562874	0,0179640718562874	0,179640718562874	1
2022/08/12 09.49.21	0	1	60	17,9640718562874	0,0179640718562874	0,179640718562874	1
2022/08/12 09.49.22	1	1	60	17,9640718562874	0,0179640718562874	0,179640718562874	1
2022/08/12 09.49.23	1	0	0	0	0	0	1
2022/08/12 09.49.24	1	1	60	17,9640718562874	0,0179640718562874	0,179640718562874	1
2022/08/12 09.49.25	1	1	60	17,9640718562874	0,0179640718562874	0,179640718562874	1
2022/08/12 09.49.26	1	0	0	0	0	0	1
2022/08/12 09.49.27	2	1	60	17,9640718562874	0,0179640718562874	0,179640718562874	1
2022/08/12 09.49.28	3	0	0	0	0	0	1
2022/08/12 09.49.29	4	0	0	0	0	0	1
2022/08/12 09.49.30	0	0	0	0	0	0	1
2022/08/12 09.49.31	0	1	60	17,9640718562874	0,0179640718562874	0,179640718562874	1
2022/08/12 09.49.32	0	0	0	0	0	0	1
2022/08/12 09.49.33	2	1	60	17,9640718562874	0,0179640718562874	0,179640718562874	1
2022/08/12 09.49.34	1	1	60	17,9640718562874	0,0179640718562874	0,179640718562874	1
2022/08/12 09.49.35	1	1	60	17,9640718562874	0,0179640718562874	0,179640718562874	1
2022/08/12 09.49.36	1	1	60	17,9640718562874	0,0179640718562874	0,179640718562874	1
2022/08/12 09.49.37	0	1	60	17,9640718562874	0,0179640718562874	0,179640718562874	1
2022/08/12 09.49.38	1	2	120	35,9281437125749	0,0359281437125748	0,359281437125749	1
2022/08/12 09.49.39	0	3	180	53,8922155688623	0,0538922155688623	0,538922155688623	1
2022/08/12 09.49.40	0	4	240	71,8562874251497	0,0718562874251497	0,718562874251497	1
2022/08/12 09.49.41	0	0	0	0	0	0	1
2022/08/12 09.49.42	1	0	0	0	0	0	1
2022/08/12 09.49.43	0	0	0	0	0	0	1
2022/08/12 09.49.44	3	2	120	35,9281437125749	0,0359281437125748	0,359281437125749	1
2022/08/12 09.49.45	1	1	60	17,9640718562874	0,0179640718562874	0,179640718562874	1
2022/08/12 09.49.46	1	1	60	17,9640718562874	0,0179640718562874	0,179640718562874	1
2022/08/12 09.49.47	0	1	60	17,9640718562874	0,0179640718562874	0,179640718562874	1
2022/08/12 09.49.48	2	0	0	0	0	0	1
2022/08/12 09.49.49	0	1	60	17,9640718562874	0,0179640718562874	0,179640718562874	1
2022/08/12 09.49.50	0	0	0	0	0	0	1
2022/08/12 09.49.51	0	0	0	0	0	0	1
2022/08/12 09.49.52	1	0	0	0	0	0	1
2022/08/12 09.49.53	1	1	60	17,9640718562874	0,0179640718562874	0,179640718562874	1
2022/08/12 09.49.54	0	0	0	0	0	0	1
2022/08/12 09.49.55	1	3	180	53,8922155688623	0,0538922155688623	0,538922155688623	1
2022/08/12 09.49.56	0	1	60	17,9640718562874	0,0179640718562874	0,179640718562874	0
2022/08/12 09.49.57	0	1	60	17,9640718562874	0,0179640718562874	0,179640718562874	0
2022/08/12 09.49.58	0	0	0	0	0	0	0
2022/08/12 09.49.59	0	2	120	35,9281437125749	0,0359281437125748	0,359281437125749	0
2022/08/12 09.50.00	0	0	0	0	0	0	0
2022/08/12 09.50.01	0	0	0	0	0	0	0
2022/08/12 09.50.02	0	0	0	0	0	0	0
2022/08/12 09.50.03	0	1	60	17,9640718562874	0,0179640718562874	0,179640718562874	0
2022/08/12 09.50.04	0	1	60	17,9640718562874	0,0179640718562874	0,179640718562874	0
2022/08/12 09.50.05	0	0	0	0	0	0	0
2022/08/12 09.50.06	0	1	60	17,9640718562874	0,0179640718562874	0,179640718562874	0
