Date/Time	counts (1 sec)	cps	cpm	µR/h	mR/h	µSv/h	Averaging Time (sec)
2022/08/23 16:39:27	0	0	0	0	0	0	1
2022/08/23 16:39:28	1	1	60	17.9640718562874	0.0179640718562874	0.179640718562874	1
2022/08/23 16:39:29	1	1	60	17.9640718562874	0.0179640718562874	0.179640718562874	1
2022/08/23 16:39:30	0	0	0	0	0	0	1
2022/08/23 16:39:31	1	1	60	17.9640718562874	0.0179640718562874	0.179640718562874	1
2022/08/23 16:39:32	3	3	180	53.8922155688623	0.0538922155688623	0.538922155688623	1
2022/08/23 16:39:33	1	1	60	17.9640718562874	0.0179640718562874	0.179640718562874	1
2022/08/23 16:39:34	0	0	0	0	0	0	1
2022/08/23 16:39:35	0	0	0	0	0	0	1
2022/08/23 16:39:36	0	0	0	0	0	0	1
2022/08/23 16:39:37	0	0	0	0	0	0	1
2022/08/23 16:39:38	1	1	60	17.9640718562874	0.0179640718562874	0.179640718562874	1
2022/08/23 16:39:39	0	0	0	0	0	0	1
2022/08/23 16:39:40	0	0	0	0	0	0	1
2022/08/23 16:39:41	1	1	60	17.9640718562874	0.0179640718562874	0.179640718562874	1
2022/08/23 16:39:42	0	0	0	0	0	0	1
2022/08/23 16:39:43	0	0	0	0	0	0	1
2022/08/23 16:39:44	0	0	0	0	0	0	1
2022/08/23 16:39:45	1	1	60	17.9640718562874	0.0179640718562874	0.179640718562874	1
2022/08/23 16:39:46	0	0	0	0	0	0	1
2022/08/23 16:39:47	0	0	0	0	0	0	1
2022/08/23 16:39:48	0	0	0	0	0	0	1
2022/08/23 16:39:49	0	0	0	0	0	0	1
2022/08/23 16:39:50	3	3	180	53.8922155688623	0.0538922155688623	0.538922155688623	1
2022/08/23 16:39:51	1	1	60	17.9640718562874	0.0179640718562874	0.179640718562874	1
2022/08/23 16:39:52	0	0	0	0	0	0	1
2022/08/23 16:39:53	0	0	0	0	0	0	1
2022/08/23 16:39:54	1	1	60	17.9640718562874	0.0179640718562874	0.179640718562874	1
2022/08/23 16:39:55	1	1	60	17.9640718562874	0.0179640718562874	0.179640718562874	1
2022/08/23 16:39:56	0	0	0	0	0	0	1
2022/08/23 16:39:57	1	1	60	17.9640718562874	0.0179640718562874	0.179640718562874	1
2022/08/23 16:39:58	0	0	0	0	0	0	1
2022/08/23 16:39:59	0	0	0	0	0	0	1
2022/08/23 16:40:00	1	1	60	17.9640718562874	0.0179640718562874	0.179640718562874	1
2022/08/23 16:40:01	0	0	0	0	0	0	1
2022/08/23 16:40:02	1	1	60	17.9640718562874	0.0179640718562874	0.179640718562874	1
2022/08/23 16:40:03	850	850	51000	15269.4610778443	15.2694610778443	152.694610778443	1
2022/08/23 16:40:04	0	0	0	0	0	0	1
2022/08/23 16:40:05	0	0	0	0	0	0	1
2022/08/23 16:40:06	3	3	180	53.8922155688623	0.0538922155688623	0.538922155688623	1
2022/08/23 16:40:07	1	1	60	17.9640718562874	0.0179640718562874	0.179640718562874	1
2022/08/23 16:40:08	2	2	120	35.9281437125749	0.0359281437125748	0.359281437125749	1
2022/08/23 16:40:09	0	0	0	0	0	0	1
2022/08/23 16:40:10	0	0	0	0	0	0	1
2022/08/23 16:40:11	1	1	60	17.9640718562874	0.0179640718562874	0.179640718562874	1
2022/08/23 16:40:12	2	2	120	35.9281437125749	0.0359281437125748	0.359281437125749	1
2022/08/23 16:40:13	1	1	60	17.9640718562874	0.0179640718562874	0.179640718562874	1
2022/08/23 16:40:14	0	0	0	0	0	0	1
2022/08/23 16:40:15	0	0	0	0	0	0	1
2022/08/23 16:40:16	0	0	0	0	0	0	1
2022/08/23 16:40:17	2	2	120	35.9281437125749	0.0359281437125748	0.359281437125749	1
2022/08/23 16:40:18	1	1	60	17.9640718562874	0.0179640718562874	0.179640718562874	1
2022/08/23 16:40:19	0	0	0	0	0	0	1
2022/08/23 16:40:20	1	1	60	17.9640718562874	0.0179640718562874	0.179640718562874	1
2022/08/23 16:40:21	1	1	60	17.9640718562874	0.0179640718562874	0.179640718562874	1
2022/08/23 16:40:22	1	1	60	17.9640718562874	0.0179640718562874	0.179640718562874	1
2022/08/23 16:40:23	0	0	0	0	0	0	1
2022/08/23 16:40:24	1	1	60	17.9640718562874	0.0179640718562874	0.179640718562874	1
2022/08/23 16:40:25	1	1	60	17.9640718562874	0.0179640718562874	0.179640718562874	1
2022/08/23 16:40:26	1	1	60	17.9640718562874	0.0179640718562874	0.179640718562874	1
2022/08/23 16:40:27	1	1	60	17.9640718562874	0.0179640718562874	0.179640718562874	1
2022/08/23 16:40:28	0	0	0	0	0	0	1
2022/08/23 16:40:29	0	0	0	0	0	0	1
2022/08/23 16:40:30	1	1	60	17.9640718562874	0.0179640718562874	0.179640718562874	1
2022/08/23 16:40:31	0	0	0	0	0	0	1
2022/08/23 16:40:32	1	1	60	17.9640718562874	0.0179640718562874	0.179640718562874	1
2022/08/23 16:40:33	0	0	0	0	0	0	1
2022/08/23 16:40:34	0	0	0	0	0	0	1
2022/08/23 16:40:35	0	0	0	0	0	0	1
2022/08/23 16:40:36	2	2	120	35.9281437125749	0.0359281437125748	0.359281437125749	1
2022/08/23 16:40:37	0	0	0	0	0	0	1
2022/08/23 16:40:38	1	1	60	17.9640718562874	0.0179640718562874	0.179640718562874	1
2022/08/23 16:40:39	0	0	0	0	0	0	1
2022/08/23 16:40:40	0	0	0	0	0	0	1
2022/08/23 16:40:41	2	2	120	35.9281437125749	0.0359281437125748	0.359281437125749	1
2022/08/23 16:40:42	1	1	60	17.9640718562874	0.0179640718562874	0.179640718562874	1
2022/08/23 16:40:43	2	2	120	35.9281437125749	0.0359281437125748	0.359281437125749	1
2022/08/23 16:40:44	2	2	120	35.9281437125749	0.0359281437125748	0.359281437125749	1
2022/08/23 16:40:45	1	1	60	17.9640718562874	0.0179640718562874	0.179640718562874	1
2022/08/23 16:40:46	0	0	0	0	0	0	1
2022/08/23 16:40:47	1	1	60	17.9640718562874	0.0179640718562874	0.179640718562874	1
2022/08/23 16:40:48	0	0	0	0	0	0	1
2022/08/23 16:40:49	0	0	0	0	0	0	1
2022/08/23 16:40:50	0	0	0	0	0	0	1
2022/08/23 16:40:51	0	0	0	0	0	0	1
2022/08/23 16:40:52	0	0	0	0	0	0	1
2022/08/23 16:40:53	0	0	0	0	0	0	1
2022/08/23 16:40:54	1	1	60	17.9640718562874	0.0179640718562874	0.179640718562874	1
2022/08/23 16:40:55	0	0	0	0	0	0	1
2022/08/23 16:40:56	1	1	60	17.9640718562874	0.0179640718562874	0.179640718562874	1
