Date/Time	counts (1 sec)	cps	cpm	µR/h	mR/h	µSv/h	Averaging Time (sec)
2022/08/23 16:29:49	2	0	0	0	0	0	1
2022/08/23 16:29:50	0	0	0	0	0	0	1
2022/08/23 16:29:51	0	0	0	0	0	0	1
2022/08/23 16:29:52	0	0	0	0	0	0	1
2022/08/23 16:29:53	2	0	0	0	0	0	1
2022/08/23 16:29:54	0	0	0	0	0	0	1
2022/08/23 16:29:55	1	0	0	0	0	0	1
2022/08/23 16:29:56	1	0	0	0	0	0	1
2022/08/23 16:29:57	0	0	0	0	0	0	1
2022/08/23 16:29:58	0	0	0	0	0	0	1
2022/08/23 16:29:59	0	0	0	0	0	0	1
2022/08/23 16:30:00	1	0	0	0	0	0	1
2022/08/23 16:30:01	0	0	0	0	0	0	1
2022/08/23 16:30:02	0	0	0	0	0	0	1
2022/08/23 16:30:03	0	0	0	0	0	0	1
2022/08/23 16:30:04	0	0	0	0	0	0	1
2022/08/23 16:30:05	0	0	0	0	0	0	1
2022/08/23 16:30:06	0	0	0	0	0	0	1
2022/08/23 16:30:07	1	0	0	0	0	0	1
2022/08/23 16:30:08	0	0	0	0	0	0	1
2022/08/23 16:30:09	1	0	0	0	0	0	1
2022/08/23 16:30:10	1	0	0	0	0	0	1
2022/08/23 16:30:11	0	0	0	0	0	0	1
2022/08/23 16:30:12	1	0	0	0	0	0	1
2022/08/23 16:30:13	0	0	0	0	0	0	1
2022/08/23 16:30:14	1	0	0	0	0	0	1
2022/08/23 16:30:15	1	0	0	0	0	0	1
2022/08/23 16:30:16	0	0	0	0	0	0	1
2022/08/23 16:30:17	0	0	0	0	0	0	1
2022/08/23 16:30:18	2	0	0	0	0	0	1
2022/08/23 16:30:19	1	0	0	0	0	0	1
2022/08/23 16:30:20	2	0	0	0	0	0	1
2022/08/23 16:30:21	1	0	0	0	0	0	1
2022/08/23 16:30:22	1	0	0	0	0	0	1
2022/08/23 16:30:23	1	0	0	0	0	0	1
2022/08/23 16:30:24	0	0	0	0	0	0	1
2022/08/23 16:30:25	0	0	0	0	0	0	1
2022/08/23 16:30:26	0	0	0	0	0	0	1
2022/08/23 16:30:27	0	0	0	0	0	0	1
2022/08/23 16:30:28	2	0	0	0	0	0	1
2022/08/23 16:30:29	0	0	0	0	0	0	1
2022/08/23 16:30:30	0	0	0	0	0	0	1
2022/08/23 16:30:31	2	0	0	0	0	0	1
2022/08/23 16:30:32	2	0	0	0	0	0	1
2022/08/23 16:30:33	0	0	0	0	0	0	1
2022/08/23 16:30:34	0	0	0	0	0	0	1
2022/08/23 16:30:35	2	0	0	0	0	0	1
2022/08/23 16:30:36	0	0	0	0	0	0	1
2022/08/23 16:30:37	0	0	0	0	0	0	1
2022/08/23 16:30:38	0	0	0	0	0	0	1
2022/08/23 16:30:39	0	0	0	0	0	0	1
2022/08/23 16:30:40	0	0	0	0	0	0	1
2022/08/23 16:30:41	0	0	0	0	0	0	1
2022/08/23 16:30:42	0	0	0	0	0	0	1
2022/08/23 16:30:43	1	0	0	0	0	0	1
2022/08/23 16:30:44	0	0	0	0	0	0	1
2022/08/23 16:30:45	1	0	0	0	0	0	1
2022/08/23 16:30:46	0	0	0	0	0	0	1
2022/08/23 16:30:47	0	0	0	0	0	0	1
2022/08/23 16:30:48	1	0	0	0	0	0	1
2022/08/23 16:30:49	1	0	0	0	0	0	1
2022/08/23 16:30:50	0	0	0	0	0	0	1
2022/08/23 16:30:51	1	0	0	0	0	0	1
2022/08/23 16:30:52	0	0	0	0	0	0	1
2022/08/23 16:30:53	0	0	0	0	0	0	1
2022/08/23 16:30:54	1	0	0	0	0	0	1
2022/08/23 16:30:55	0	0	0	0	0	0	1
2022/08/23 16:30:56	0	0	0	0	0	0	1
2022/08/23 16:30:57	0	0	0	0	0	0	1
2022/08/23 16:30:58	0	0	0	0	0	0	1
2022/08/23 16:30:59	1	0	0	0	0	0	1
2022/08/23 16:31:00	0	0	0	0	0	0	0
2022/08/23 16:31:01	0	0	0	0	0	0	0
2022/08/23 16:31:02	0	0	0	0	0	0	0
2022/08/23 16:31:03	0	0	0	0	0	0	0
2022/08/23 16:31:04	0	0	0	0	0	0	0
2022/08/23 16:31:05	0	0	0	0	0	0	0
2022/08/23 16:31:06	0	0	0	0	0	0	0
2022/08/23 16:31:07	0	0	0	0	0	0	0
2022/08/23 16:31:08	0	0	0	0	0	0	0
2022/08/23 16:31:09	0	0	0	0	0	0	0
2022/08/23 16:31:10	0	0	0	0	0	0	0
2022/08/23 16:31:11	0	0	0	0	0	0	0
2022/08/23 16:31:12	0	0	0	0	0	0	0
2022/08/23 16:31:13	0	0	0	0	0	0	0
2022/08/23 16:31:14	0	0	0	0	0	0	0
2022/08/23 16:31:15	0	0	0	0	0	0	0
2022/08/23 16:31:16	0	0	0	0	0	0	0
2022/08/23 16:31:17	0	0	0	0	0	0	0
2022/08/23 16:31:18	0	0	0	0	0	0	0
2022/08/23 16:31:19	0	0	0	0	0	0	0
2022/08/23 16:31:20	0	0	0	0	0	0	0
2022/08/23 16:31:21	0	0	0	0	0	0	0
2022/08/23 16:31:22	0	0	0	0	0	0	0
2022/08/23 16:31:23	0	0	0	0	0	0	0
2022/08/23 16:31:24	0	0	0	0	0	0	0
2022/08/23 16:31:25	0	0	0	0	0	0	0
2022/08/23 16:31:26	0	0	0	0	0	0	0
2022/08/23 16:31:27	0	0	0	0	0	0	0
2022/08/23 16:31:28	0	0	0	0	0	0	0
2022/08/23 16:31:29	0	0	0	0	0	0	0
2022/08/23 16:31:30	0	0	0	0	0	0	0
2022/08/23 16:31:31	0	0	0	0	0	0	0
2022/08/23 16:31:32	0	0	0	0	0	0	0
2022/08/23 16:31:33	0	0	0	0	0	0	0
2022/08/23 16:31:34	0	0	0	0	0	0	0
2022/08/23 16:31:35	0	0	0	0	0	0	0
2022/08/23 16:31:36	0	0	0	0	0	0	0
2022/08/23 16:31:37	0	0	0	0	0	0	0
2022/08/23 16:31:38	0	0	0	0	0	0	0
2022/08/23 16:31:39	0	0	0	0	0	0	0
2022/08/23 16:31:40	0	0	0	0	0	0	0
2022/08/23 16:31:41	0	0	0	0	0	0	0
2022/08/23 16:31:42	0	0	0	0	0	0	0
2022/08/23 16:31:43	0	0	0	0	0	0	0
2022/08/23 16:31:44	0	0	0	0	0	0	0
2022/08/23 16:31:45	0	0	0	0	0	0	0
2022/08/23 16:31:46	0	0	0	0	0	0	0
2022/08/23 16:31:47	0	0	0	0	0	0	0
2022/08/23 16:31:48	0	0	0	0	0	0	0
2022/08/23 16:31:49	0	0	0	0	0	0	0
2022/08/23 16:31:50	0	0	0	0	0	0	0
2022/08/23 16:31:51	0	0	0	0	0	0	0
2022/08/23 16:31:52	0	0	0	0	0	0	0
2022/08/23 16:31:53	0	0	0	0	0	0	0
2022/08/23 16:31:54	0	0	0	0	0	0	0
2022/08/23 16:31:55	0	0	0	0	0	0	0
2022/08/23 16:31:56	0	0	0	0	0	0	0
2022/08/23 16:31:57	0	0	0	0	0	0	0
2022/08/23 16:31:58	0	0	0	0	0	0	0
2022/08/23 16:32:01	0	0	0	0	0	0	0
2022/08/23 16:32:02	0	0	0	0	0	0	0
2022/08/23 16:32:03	0	0	0	0	0	0	0
2022/08/23 16:32:04	0	0	0	0	0	0	0
2022/08/23 16:32:05	0	0	0	0	0	0	0
2022/08/23 16:32:06	0	0	0	0	0	0	0
2022/08/23 16:32:07	0	0	0	0	0	0	0
2022/08/23 16:32:08	0	0	0	0	0	0	0
2022/08/23 16:32:09	0	0	0	0	0	0	0
2022/08/23 16:32:10	0	0	0	0	0	0	0
2022/08/23 16:32:11	0	0	0	0	0	0	0
2022/08/23 16:32:12	0	0	0	0	0	0	0
2022/08/23 16:32:13	0	0	0	0	0	0	0
2022/08/23 16:32:14	0	0	0	0	0	0	0
2022/08/23 16:32:15	0	0	0	0	0	0	0
2022/08/23 16:32:16	0	0	0	0	0	0	0
2022/08/23 16:32:17	0	0	0	0	0	0	0
2022/08/23 16:32:18	0	0	0	0	0	0	0
2022/08/23 16:32:19	0	0	0	0	0	0	0
2022/08/23 16:32:20	0	0	0	0	0	0	0
2022/08/23 16:32:21	0	0	0	0	0	0	0
2022/08/23 16:32:22	0	0	0	0	0	0	0
2022/08/23 16:32:23	0	0	0	0	0	0	0
2022/08/23 16:32:24	0	0	0	0	0	0	0
2022/08/23 16:32:25	0	0	0	0	0	0	0
2022/08/23 16:32:26	0	0	0	0	0	0	0
2022/08/23 16:32:27	0	0	0	0	0	0	0
2022/08/23 16:32:28	0	0	0	0	0	0	0
2022/08/23 16:32:29	0	0	0	0	0	0	0
2022/08/23 16:32:30	0	0	0	0	0	0	0
2022/08/23 16:32:31	0	0	0	0	0	0	0
2022/08/23 16:32:33	0	2	120	35.9281437125749	0.0359281437125748	0.359281437125749	0
2022/08/23 16:32:34	0	0	0	0	0	0	0
2022/08/23 16:32:35	0	0	0	0	0	0	0
2022/08/23 16:32:36	0	0	0	0	0	0	0
2022/08/23 16:32:37	0	2	120	35.9281437125749	0.0359281437125748	0.359281437125749	0
2022/08/23 16:32:38	0	0	0	0	0	0	0
2022/08/23 16:32:39	0	1	60	17.9640718562874	0.0179640718562874	0.179640718562874	0
2022/08/23 16:32:40	0	1	60	17.9640718562874	0.0179640718562874	0.179640718562874	0
2022/08/23 16:32:41	0	0	0	0	0	0	0
2022/08/23 16:32:42	0	0	0	0	0	0	0
2022/08/23 16:32:43	0	0	0	0	0	0	0
2022/08/23 16:32:44	0	1	60	17.9640718562874	0.0179640718562874	0.179640718562874	0
2022/08/23 16:32:45	0	0	0	0	0	0	0
2022/08/23 16:32:46	0	0	0	0	0	0	0
2022/08/23 16:32:47	0	0	0	0	0	0	0
2022/08/23 16:32:48	0	0	0	0	0	0	0
2022/08/23 16:32:49	0	0	0	0	0	0	0
2022/08/23 16:32:50	0	0	0	0	0	0	0
2022/08/23 16:32:51	0	1	60	17.9640718562874	0.0179640718562874	0.179640718562874	0
2022/08/23 16:32:52	0	0	0	0	0	0	0
2022/08/23 16:32:53	0	1	60	17.9640718562874	0.0179640718562874	0.179640718562874	0
2022/08/23 16:32:54	0	1	60	17.9640718562874	0.0179640718562874	0.179640718562874	0
2022/08/23 16:32:55	0	0	0	0	0	0	0
2022/08/23 16:32:56	0	1	60	17.9640718562874	0.0179640718562874	0.179640718562874	0
2022/08/23 16:32:57	0	0	0	0	0	0	0
2022/08/23 16:32:58	0	1	60	17.9640718562874	0.0179640718562874	0.179640718562874	0
2022/08/23 16:32:59	0	1	60	17.9640718562874	0.0179640718562874	0.179640718562874	0
2022/08/23 16:33:00	0	0	0	0	0	0	0
2022/08/23 16:33:01	0	0	0	0	0	0	0
2022/08/23 16:33:02	0	2	120	35.9281437125749	0.0359281437125748	0.359281437125749	0
2022/08/23 16:33:03	0	1	60	17.9640718562874	0.0179640718562874	0.179640718562874	0
2022/08/23 16:33:04	0	2	120	35.9281437125749	0.0359281437125748	0.359281437125749	0
2022/08/23 16:33:05	0	1	60	17.9640718562874	0.0179640718562874	0.179640718562874	0
2022/08/23 16:33:06	0	1	60	17.9640718562874	0.0179640718562874	0.179640718562874	0
2022/08/23 16:33:07	0	1	60	17.9640718562874	0.0179640718562874	0.179640718562874	0
2022/08/23 16:33:08	0	0	0	0	0	0	0
2022/08/23 16:33:09	0	0	0	0	0	0	0
2022/08/23 16:33:10	0	0	0	0	0	0	0
2022/08/23 16:33:11	0	0	0	0	0	0	0
2022/08/23 16:33:12	0	2	120	35.9281437125749	0.0359281437125748	0.359281437125749	0
2022/08/23 16:33:13	0	0	0	0	0	0	0
2022/08/23 16:33:14	0	0	0	0	0	0	0
2022/08/23 16:33:15	0	2	120	35.9281437125749	0.0359281437125748	0.359281437125749	0
2022/08/23 16:33:16	0	2	120	35.9281437125749	0.0359281437125748	0.359281437125749	0
2022/08/23 16:33:17	0	0	0	0	0	0	0
2022/08/23 16:33:18	0	0	0	0	0	0	0
2022/08/23 16:33:19	0	2	120	35.9281437125749	0.0359281437125748	0.359281437125749	0
2022/08/23 16:33:20	0	0	0	0	0	0	0
2022/08/23 16:33:21	0	0	0	0	0	0	0
2022/08/23 16:33:22	0	0	0	0	0	0	0
2022/08/23 16:33:23	0	0	0	0	0	0	0
2022/08/23 16:33:24	0	0	0	0	0	0	0
2022/08/23 16:33:25	0	0	0	0	0	0	0
2022/08/23 16:33:26	0	0	0	0	0	0	0
2022/08/23 16:33:27	0	1	60	17.9640718562874	0.0179640718562874	0.179640718562874	0
2022/08/23 16:33:28	0	0	0	0	0	0	0
2022/08/23 16:33:29	0	1	60	17.9640718562874	0.0179640718562874	0.179640718562874	0
2022/08/23 16:33:30	0	0	0	0	0	0	0
2022/08/23 16:33:31	0	0	0	0	0	0	0
2022/08/23 16:33:32	0	1	60	17.9640718562874	0.0179640718562874	0.179640718562874	0
2022/08/23 16:33:33	0	1	60	17.9640718562874	0.0179640718562874	0.179640718562874	0
2022/08/23 16:33:34	0	0	0	0	0	0	0
2022/08/23 16:33:35	0	1	60	17.9640718562874	0.0179640718562874	0.179640718562874	0
2022/08/23 16:33:36	0	0	0	0	0	0	0
2022/08/23 16:33:37	0	0	0	0	0	0	0
2022/08/23 16:33:38	0	1	60	17.9640718562874	0.0179640718562874	0.179640718562874	0
2022/08/23 16:33:39	0	0	0	0	0	0	0
2022/08/23 16:33:40	0	0	0	0	0	0	0
2022/08/23 16:33:41	0	0	0	0	0	0	0
2022/08/23 16:33:42	0	0	0	0	0	0	0
2022/08/23 16:33:43	0	1	60	17.9640718562874	0.0179640718562874	0.179640718562874	0
